
1321:0723:1523:1600:0000:0000:00000, 0, 0, 0, 0, 0, 0, 0, 0, 0, 0, 049923:18:44

1321:0723:1523:1600:0000:0000:000052,1736374, 20,9718542, 0, 154, 0, 0, 0, 0, 0, 0, 0, 0128023:18:48

1321:0723:1523:1600:0000:0000:000052,1736374, 20,9718542, 0, 154, 0, 0, 0, 0, 0, 0, 0, 07823:18:52

1321:0723:1523:1600:0000:0000:000052,1736374, 20,9718542, 0, 154, 0, 0, 0, 0, 0, 0, 0, 070223:18:56

1321:0723:1523:1600:0000:0000:000052,1736374, 20,9718542, 0, 154, 0, 0, 0, 0, 0, 0, 0, 0135723:19:00

1321:0723:1523:1600:0000:0000:000052,1736374, 20,9718542, 0, 154, 0, 0, 0, 0, 0, 0, 0, 09423:19:04

1321:0723:1523:1600:0000:0000:000052,1736374, 20,9718542, 0, 154, 0, 0, 0, 0, 0, 0, 0, 07823:19:07

1321:0723:1523:1600:0000:0000:000052,1736374, 20,9718542, 0, 154, 0, 0, 0, 0, 0, 0, 0, 040523:19:11

1321:0723:1523:1600:0000:0000:000052,1736374, 20,9718542, 0, 154, 0, 0, 0, 0, 0, 0, 0, 010923:19:15

1321:0723:1523:1600:0000:0000:000052,1736374, 20,9718542, 0, 154, 0, 0, 0, 0, 0, 0, 0, 079523:19:19

1321:0723:1523:1600:0000:0000:000052,1736374, 20,9718542, 0, 154, 0, 0, 0, 0, 0, 0, 0, 07823:19:22
