
2121:0900:0000:0000:0000:0000:000052,1738558, 20,9691542, 0, 35, 0, 0, 0, 0, 0, 0, 0, 048422:43:25

2121:0900:0000:0000:0000:0000:000052,1738558, 20,9691542, 0, 35, 0, 0, 0, 0, 0, 0, 0, 07822:43:29

2121:0900:0000:0000:0000:0000:000052,1738558, 20,9691542, 0, 35, 0, 0, 0, 0, 0, 0, 0, 09422:43:32

2221:0900:0000:0000:0000:0000:000052,1738558, 20,9691542, 0, 35, 0, 45,47, 0, 428,23, 0, 193,47, 0, 01516322:43:57

2221:0900:0000:0000:0000:0000:000052,1738558, 20,9691542, 0, 35, 45,47, 45,47, 428,23, 428,23, 193,47, 193,47, 0, 0213722:44:33

2321:0900:0000:0000:0000:0000:000052,1736368, 20,9718398, 0, 154, 45,47, 45,47, 428,23, 428,23, 193,47, 193,47, 0, 0145122:45:58

2321:0900:0000:0000:0000:0000:000052,1736368, 20,9718398, 0, 154, 45,47, 45,47, 428,23, 428,23, 193,47, 193,47, 0, 01368122:50:23

2321:0900:0000:0000:0000:0000:000052,1736721, 20,971826, 0, 153, 45,47, 45,47, 428,23, 428,23, 193,47, 193,47, 0, 01090522:50:43
