
2321:0922:4322:4500:0000:0000:000052,1736683, 20,9718579, 0, 33, 0, 0, 0, 0, 0, 0, 0, 048423:25:42

2321:0922:4322:4500:0000:0000:000052,1736683, 20,9718579, 0, 33, 0, 0, 0, 0, 0, 0, 0, 07823:25:46

2421:0922:4322:4500:0000:0000:000052,1736683, 20,9718579, 0, 33, 0, 388,21, 0, 369,38, 0, 195,12, 0, 0230923:25:55

2421:0922:4322:4500:0000:0000:000052,1736683, 20,9718579, 0, 33, 388,21, 388,21, 369,38, 369,38, 195,12, 195,12, 0, 0204323:26:01

2421:0922:4322:4500:0000:0000:000052,1736683, 20,9718579, 0, 33, 388,21, 388,21, 369,38, 369,38, 195,12, 195,12, 0, 0160723:26:06
