
1121:0700:0000:0000:0000:0000:00000, 0, 0, 0, 0, 0, 0, 0, 0, 0, 0, 076423:15:39

1121:0700:0000:0000:0000:0000:000052,1739808, 20,9692389, 0, 45, 0, 0, 0, 0, 0, 0, 0, 09323:15:42

1221:0700:0000:0000:0000:0000:000052,1739808, 20,9692389, 0, 45, 0, 272,61, 0, 438,66, 0, 204,54, 0, 037423:15:50

1221:0700:0000:0000:0000:0000:000052,1739808, 20,9692389, 0, 45, 272,61, 272,61, 438,66, 438,66, 204,54, 204,54, 272,61, 07823:15:54

1221:0700:0000:0000:0000:0000:000052,1739808, 20,9692389, 0, 45, 272,61, 272,61, 438,66, 438,66, 204,54, 204,54, 272,61, 012423:15:57

1221:0700:0000:0000:0000:0000:000052,1739808, 20,9692389, 0, 45, 272,61, 272,61, 438,66, 438,66, 204,54, 204,54, 272,61, 062423:16:01

1221:0700:0000:0000:0000:0000:000052,1739808, 20,9692389, 0, 45, 272,61, 272,61, 438,66, 438,66, 204,54, 204,54, 272,61, 07823:16:05

1321:0700:0000:0000:0000:0000:000052,1739808, 20,9692389, 0, 45, 272,61, 272,61, 438,66, 438,66, 204,54, 204,54, 272,61, 088923:16:12

1321:0700:0000:0000:0000:0000:000052,1740004, 20,969195, 0, 43, 272,61, 272,61, 438,66, 438,66, 204,54, 204,54, 272,61, 043723:16:16

1321:0700:0000:0000:0000:0000:000052,1740004, 20,969195, 0, 43, 272,61, 272,61, 438,66, 438,66, 204,54, 204,54, 272,61, 070223:16:20

1321:0700:0000:0000:0000:0000:000052,1740004, 20,969195, 0, 43, 272,61, 272,61, 438,66, 438,66, 204,54, 204,54, 272,61, 074923:16:24

1321:0700:0000:0000:0000:0000:000052,1740004, 20,969195, 0, 43, 272,61, 272,61, 438,66, 438,66, 204,54, 204,54, 272,61, 010923:16:28

1321:0700:0000:0000:0000:0000:000052,174023, 20,9691969, 0, 49, 272,61, 272,61, 438,66, 438,66, 204,54, 204,54, 272,61, 012523:16:31

1321:0700:0000:0000:0000:0000:000052,174023, 20,9691969, 0, 49, 272,61, 272,61, 438,66, 438,66, 204,54, 204,54, 272,61, 09323:16:35

1321:0700:0000:0000:0000:0000:000052,174023, 20,9691969, 0, 49, 272,61, 272,61, 438,66, 438,66, 204,54, 204,54, 272,61, 012423:16:38

1321:0700:0000:0000:0000:0000:000052,174023, 20,9691969, 0, 49, 272,61, 272,61, 438,66, 438,66, 204,54, 204,54, 272,61, 06323:16:42

1321:0700:0000:0000:0000:0000:000052,174023, 20,9691969, 0, 49, 272,61, 272,61, 438,66, 438,66, 204,54, 204,54, 272,61, 021923:16:45

1321:0700:0000:0000:0000:0000:000052,174023, 20,9691969, 0, 49, 272,61, 272,61, 438,66, 438,66, 204,54, 204,54, 272,61, 071823:16:50

1321:0700:0000:0000:0000:0000:000052,174023, 20,9691969, 0, 49, 272,61, 272,61, 438,66, 438,66, 204,54, 204,54, 272,61, 07823:16:54
