
1121:0800:0000:0000:0000:0000:000052,1739545, 20,9693271, 0, 33, 0, 0, 0, 0, 0, 0, 0, 0126423:21:39

1121:0800:0000:0000:0000:0000:000052,1739308, 20,9693157, 0, 35, 0, 0, 0, 0, 0, 0, 0, 07823:21:42

1221:0800:0000:0000:0000:0000:000052,1739308, 20,9693157, 0, 35, 0, 360,63, 0, 431,5, 0, 197,61, 0, 010923:21:49

1221:0800:0000:0000:0000:0000:000052,1739308, 20,9693157, 0, 35, 360,63, 360,63, 431,5, 431,5, 197,61, 197,61, 360,63, 07823:21:53

1321:0800:0000:0000:0000:0000:000052,1739308, 20,9693157, 0, 35, 360,63, 360,63, 431,5, 431,5, 197,61, 197,61, 360,63, 067123:22:01

1321:0800:0000:0000:0000:0000:000052,1739308, 20,9693157, 0, 35, 360,63, 360,63, 431,5, 431,5, 197,61, 197,61, 360,63, 014023:22:05

1321:0800:0000:0000:0000:0000:000052,1739308, 20,9693157, 0, 35, 360,63, 360,63, 431,5, 431,5, 197,61, 197,61, 360,63, 071723:22:11

1321:0800:0000:0000:0000:0000:000052,1739308, 20,9693157, 0, 35, 360,63, 360,63, 431,5, 431,5, 197,61, 197,61, 360,63, 07823:22:15

1321:0800:0000:0000:0000:0000:000052,1739308, 20,9693157, 0, 35, 360,63, 360,63, 431,5, 431,5, 197,61, 197,61, 360,63, 09423:22:18

1321:0800:0000:0000:0000:0000:000052,1739308, 20,9693157, 0, 35, 360,63, 360,63, 431,5, 431,5, 197,61, 197,61, 360,63, 017223:22:22

1321:0800:0000:0000:0000:0000:000052,1739308, 20,9693157, 0, 35, 360,63, 360,63, 431,5, 431,5, 197,61, 197,61, 360,63, 073323:22:27

1321:0800:0000:0000:0000:0000:000052,1739308, 20,9693157, 0, 35, 360,63, 360,63, 431,5, 431,5, 197,61, 197,61, 360,63, 065623:22:31

1321:0800:0000:0000:0000:0000:000052,1739308, 20,9693157, 0, 35, 360,63, 360,63, 431,5, 431,5, 197,61, 197,61, 360,63, 07823:22:34
