
Operation; Operation Status; Created; Accepted; Start Load; Start Drive; Start Unload; End Operation; Start Latitude; Start Longitude; Current Latitude; Current Longitude; Speed; Accuracy; Old Distance to Target; Distance to Target; Old Distance to Shengen; Distance to Shengen; Old Distance to NonShengen; Distance to NonShengen; Predicted Distance; Alert Nb; Loop Time; Measurement Time

1; 2; 19:09; 21:19; 00:00; 00:00; 00:00; ; ; ; 52,1739756; 20,9718466; 0; 160; 0; 619,5; 0; 403,56; 0; 223,47; 223,47; 0; 936; 18:31:48

1; 2; 19:09; 21:19; 00:00; 00:00; 00:00; ; ; ; 52,1739756; 20,9718466; 0; 160; 619,5; 619,5; 403,56; 403,56; 223,47; 223,47; 223,47; 0; 0; 18:31:54

1; 2; 19:09; 21:19; 00:00; 00:00; 00:00; ; ; ; 52,1739756; 20,9718466; 0; 160; 619,5; 619,5; 403,56; 403,56; 223,47; 223,47; 223,47; 0; 0; 18:31:56

1; 2; 19:09; 21:19; 00:00; 00:00; 00:00; ; ; ; 52,1739756; 20,9718466; 0; 160; 619,5; 619,5; 403,56; 403,56; 223,47; 223,47; 223,47; 0; 0; 18:31:59

1; 2; 19:09; 21:19; 00:00; 00:00; 00:00; ; ; ; 52,1739756; 20,9718466; 0; 160; 619,5; 619,5; 403,56; 403,56; 223,47; 223,47; 223,47; 0; 0; 18:32:01

1; 2; 19:09; 21:19; 00:00; 00:00; 00:00; ; ; ; 52,1739756; 20,9718466; 0; 160; 619,5; 619,5; 403,56; 403,56; 223,47; 223,47; 223,47; 0; 546; 18:32:04

1; 2; 19:09; 21:19; 00:00; 00:00; 00:00; ; ; ; 52,1739756; 20,9718466; 0; 160; 619,5; 619,5; 403,56; 403,56; 223,47; 223,47; 223,47; 0; 0; 18:32:06

1; 2; 19:09; 21:19; 00:00; 00:00; 00:00; ; ; ; 52,1739756; 20,9718466; 0; 160; 619,5; 619,5; 403,56; 403,56; 223,47; 223,47; 223,47; 0; 0; 18:32:08

1; 2; 19:09; 21:19; 00:00; 00:00; 00:00; ; ; ; 52,1739756; 20,9718466; 0; 160; 619,5; 619,5; 403,56; 403,56; 223,47; 223,47; 223,47; 0; 0; 18:32:11

1; 2; 19:09; 21:19; 00:00; 00:00; 00:00; ; ; ; 52,1739756; 20,9718466; 0; 160; 619,5; 619,5; 403,56; 403,56; 223,47; 223,47; 223,47; 0; 0; 18:32:13

1; 2; 19:09; 21:19; 00:00; 00:00; 00:00; ; ; ; 52,1739756; 20,9718466; 0; 160; 619,5; 619,5; 403,56; 403,56; 223,47; 223,47; 223,47; 0; 1264; 18:32:17

1; 2; 19:09; 21:19; 00:00; 00:00; 00:00; ; ; ; 52,1739756; 20,9718466; 0; 160; 619,5; 619,5; 403,56; 403,56; 223,47; 223,47; 223,47; 0; 0; 18:32:19

1; 2; 19:09; 21:19; 00:00; 00:00; 00:00; ; ; ; 52,1739756; 20,9718466; 0; 160; 619,5; 619,5; 403,56; 403,56; 223,47; 223,47; 223,47; 0; 0; 18:32:22

1; 2; 19:09; 21:19; 00:00; 00:00; 00:00; ; ; ; 52,1739756; 20,9718466; 0; 160; 619,5; 619,5; 403,56; 403,56; 223,47; 223,47; 223,47; 0; 0; 18:32:24

1; 2; 19:09; 21:19; 00:00; 00:00; 00:00; ; ; ; 52,1739756; 20,9718466; 0; 160; 619,5; 619,5; 403,56; 403,56; 223,47; 223,47; 223,47; 0; 0; 18:32:26

1; 2; 19:09; 21:19; 00:00; 00:00; 00:00; ; ; ; 52,1739756; 20,9718466; 0; 160; 619,5; 619,5; 403,56; 403,56; 223,47; 223,47; 223,47; 0; 1248; 18:32:30

1; 2; 19:09; 21:19; 00:00; 00:00; 00:00; ; ; ; 52,1739756; 20,9718466; 0; 160; 619,5; 619,5; 403,56; 403,56; 223,47; 223,47; 223,47; 0; 16; 18:32:32

1; 2; 19:09; 21:19; 00:00; 00:00; 00:00; ; ; ; 52,1739756; 20,9718466; 0; 160; 619,5; 619,5; 403,56; 403,56; 223,47; 223,47; 223,47; 0; 0; 18:32:35

1; 2; 19:09; 21:19; 00:00; 00:00; 00:00; ; ; ; 52,1739756; 20,9718466; 0; 160; 619,5; 619,5; 403,56; 403,56; 223,47; 223,47; 223,47; 0; 0; 18:32:37

1; 2; 19:09; 21:19; 00:00; 00:00; 00:00; ; ; ; 52,1739756; 20,9718466; 0; 160; 619,5; 619,5; 403,56; 403,56; 223,47; 223,47; 223,47; 0; 0; 18:32:39

1; 2; 19:09; 21:19; 00:00; 00:00; 00:00; ; ; ; 52,1739756; 20,9718466; 0; 160; 619,5; 619,5; 403,56; 403,56; 223,47; 223,47; 223,47; 0; 1294; 18:32:43

1; 2; 19:09; 21:19; 00:00; 00:00; 00:00; ; ; ; 52,1739756; 20,9718466; 0; 160; 619,5; 619,5; 403,56; 403,56; 223,47; 223,47; 223,47; 0; 0; 18:32:45

1; 2; 19:09; 21:19; 00:00; 00:00; 00:00; ; ; ; 52,1739756; 20,9718466; 0; 160; 619,5; 619,5; 403,56; 403,56; 223,47; 223,47; 223,47; 0; 0; 18:32:48

1; 2; 19:09; 21:19; 00:00; 00:00; 00:00; ; ; ; 52,1739756; 20,9718466; 0; 160; 619,5; 619,5; 403,56; 403,56; 223,47; 223,47; 223,47; 0; 0; 18:32:50

1; 2; 19:09; 21:19; 00:00; 00:00; 00:00; ; ; ; 52,1739756; 20,9718466; 0; 160; 619,5; 619,5; 403,56; 403,56; 223,47; 223,47; 223,47; 0; 0; 18:32:52

1; 2; 19:09; 21:19; 00:00; 00:00; 00:00; ; ; ; 52,1739756; 20,9718466; 0; 160; 619,5; 619,5; 403,56; 403,56; 223,47; 223,47; 223,47; 0; 1201; 18:32:56

1; 2; 19:09; 21:19; 00:00; 00:00; 00:00; ; ; ; 52,1739756; 20,9718466; 0; 160; 619,5; 619,5; 403,56; 403,56; 223,47; 223,47; 223,47; 0; 0; 18:32:59

1; 2; 19:09; 21:19; 00:00; 00:00; 00:00; ; ; ; 52,1739756; 20,9718466; 0; 160; 619,5; 619,5; 403,56; 403,56; 223,47; 223,47; 223,47; 0; 16; 18:33:01

1; 2; 19:09; 21:19; 00:00; 00:00; 00:00; ; ; ; 52,1739756; 20,9718466; 0; 160; 619,5; 619,5; 403,56; 403,56; 223,47; 223,47; 223,47; 0; 0; 18:33:03

1; 2; 19:09; 21:19; 00:00; 00:00; 00:00; ; ; ; 52,1739756; 20,9718466; 0; 160; 619,5; 619,5; 403,56; 403,56; 223,47; 223,47; 223,47; 0; 0; 18:33:06

1; 2; 19:09; 21:19; 00:00; 00:00; 00:00; ; ; ; 52,1739756; 20,9718466; 0; 160; 619,5; 619,5; 403,56; 403,56; 223,47; 223,47; 223,47; 0; 1591; 18:33:10

1; 2; 19:09; 21:19; 00:00; 00:00; 00:00; ; ; ; 52,1739756; 20,9718466; 0; 160; 619,5; 619,5; 403,56; 403,56; 223,47; 223,47; 223,47; 0; 0; 18:33:12

1; 2; 19:09; 21:19; 00:00; 00:00; 00:00; ; ; ; 52,1739756; 20,9718466; 0; 160; 619,5; 619,5; 403,56; 403,56; 223,47; 223,47; 223,47; 0; 0; 18:33:14

1; 2; 19:09; 21:19; 00:00; 00:00; 00:00; ; ; ; 52,1739756; 20,9718466; 0; 160; 619,5; 619,5; 403,56; 403,56; 223,47; 223,47; 223,47; 0; 0; 18:33:17

1; 2; 19:09; 21:19; 00:00; 00:00; 00:00; ; ; ; 52,1739756; 20,9718466; 0; 160; 619,5; 619,5; 403,56; 403,56; 223,47; 223,47; 223,47; 0; 0; 18:33:19

1; 2; 19:09; 21:19; 00:00; 00:00; 00:00; ; ; ; 52,1739756; 20,9718466; 0; 160; 619,5; 619,5; 403,56; 403,56; 223,47; 223,47; 223,47; 0; 1326; 18:33:23

1; 2; 19:09; 21:19; 00:00; 00:00; 00:00; ; ; ; 52,1739756; 20,9718466; 0; 160; 619,5; 619,5; 403,56; 403,56; 223,47; 223,47; 223,47; 0; 0; 18:33:26

1; 2; 19:09; 21:19; 00:00; 00:00; 00:00; ; ; ; 52,1739756; 20,9718466; 0; 160; 619,5; 619,5; 403,56; 403,56; 223,47; 223,47; 223,47; 0; 0; 18:33:29

1; 2; 19:09; 21:19; 00:00; 00:00; 00:00; ; ; ; 52,1739756; 20,9718466; 0; 160; 619,5; 619,5; 403,56; 403,56; 223,47; 223,47; 223,47; 0; 0; 18:33:32

1; 2; 19:09; 21:19; 00:00; 00:00; 00:00; ; ; ; 52,1739756; 20,9718466; 0; 160; 619,5; 619,5; 403,56; 403,56; 223,47; 223,47; 223,47; 0; 0; 18:33:35

1; 2; 19:09; 21:19; 00:00; 00:00; 00:00; ; ; ; 52,1739756; 20,9718466; 0; 160; 619,5; 619,5; 403,56; 403,56; 223,47; 223,47; 223,47; 0; 546; 18:33:38

1; 2; 19:09; 21:19; 00:00; 00:00; 00:00; ; ; ; 52,1739756; 20,9718466; 0; 160; 619,5; 619,5; 403,56; 403,56; 223,47; 223,47; 223,47; 0; 0; 18:33:42

1; 2; 19:09; 21:19; 00:00; 00:00; 00:00; ; ; ; 52,1739756; 20,9718466; 0; 160; 619,5; 619,5; 403,56; 403,56; 223,47; 223,47; 223,47; 0; 0; 18:33:45

1; 2; 19:09; 21:19; 00:00; 00:00; 00:00; ; ; ; 52,1739756; 20,9718466; 0; 160; 619,5; 619,5; 403,56; 403,56; 223,47; 223,47; 223,47; 0; 16; 18:33:48

1; 2; 19:09; 21:19; 00:00; 00:00; 00:00; ; ; ; 52,1739756; 20,9718466; 0; 160; 619,5; 619,5; 403,56; 403,56; 223,47; 223,47; 223,47; 0; 0; 18:33:51

1; 2; 19:09; 21:19; 00:00; 00:00; 00:00; ; ; ; 52,1739756; 20,9718466; 0; 160; 619,5; 619,5; 403,56; 403,56; 223,47; 223,47; 223,47; 0; 1389; 18:33:55

1; 2; 19:09; 21:19; 00:00; 00:00; 00:00; ; ; ; 52,1739756; 20,9718466; 0; 160; 619,5; 619,5; 403,56; 403,56; 223,47; 223,47; 223,47; 0; 0; 18:33:58

1; 2; 19:09; 21:19; 00:00; 00:00; 00:00; ; ; ; 52,1739756; 20,9718466; 0; 160; 619,5; 619,5; 403,56; 403,56; 223,47; 223,47; 223,47; 0; 0; 18:34:01

1; 2; 19:09; 21:19; 00:00; 00:00; 00:00; ; ; ; 52,1739756; 20,9718466; 0; 160; 619,5; 619,5; 403,56; 403,56; 223,47; 223,47; 223,47; 0; 0; 18:34:04

1; 2; 19:09; 21:19; 00:00; 00:00; 00:00; ; ; ; 52,1739756; 20,9718466; 0; 160; 619,5; 619,5; 403,56; 403,56; 223,47; 223,47; 223,47; 0; 0; 18:34:07

1; 2; 19:09; 21:19; 00:00; 00:00; 00:00; ; ; ; 52,1739756; 20,9718466; 0; 160; 619,5; 619,5; 403,56; 403,56; 223,47; 223,47; 223,47; 0; 1342; 18:34:11

1; 2; 19:09; 21:19; 00:00; 00:00; 00:00; ; ; ; 52,1739756; 20,9718466; 0; 160; 619,5; 619,5; 403,56; 403,56; 223,47; 223,47; 223,47; 0; 0; 18:34:14

1; 2; 19:09; 21:19; 00:00; 00:00; 00:00; ; ; ; 52,1739756; 20,9718466; 0; 160; 619,5; 619,5; 403,56; 403,56; 223,47; 223,47; 223,47; 0; 0; 18:34:17

1; 2; 19:09; 21:19; 00:00; 00:00; 00:00; ; ; ; 52,1739756; 20,9718466; 0; 160; 619,5; 619,5; 403,56; 403,56; 223,47; 223,47; 223,47; 0; 0; 18:34:20

1; 2; 19:09; 21:19; 00:00; 00:00; 00:00; ; ; ; 52,1739756; 20,9718466; 0; 160; 619,5; 619,5; 403,56; 403,56; 223,47; 223,47; 223,47; 0; 0; 18:34:23

1; 2; 19:09; 21:19; 00:00; 00:00; 00:00; ; ; ; 52,1739756; 20,9718466; 0; 160; 619,5; 619,5; 403,56; 403,56; 223,47; 223,47; 223,47; 0; 577; 18:34:26

1; 2; 19:09; 21:19; 00:00; 00:00; 00:00; ; ; ; 52,1739756; 20,9718466; 0; 160; 619,5; 619,5; 403,56; 403,56; 223,47; 223,47; 223,47; 0; 0; 18:34:30

1; 2; 19:09; 21:19; 00:00; 00:00; 00:00; ; ; ; 52,1739756; 20,9718466; 0; 160; 619,5; 619,5; 403,56; 403,56; 223,47; 223,47; 223,47; 0; 0; 18:34:33

1; 2; 19:09; 21:19; 00:00; 00:00; 00:00; ; ; ; 52,1739756; 20,9718466; 0; 160; 619,5; 619,5; 403,56; 403,56; 223,47; 223,47; 223,47; 0; 0; 18:34:36

1; 2; 19:09; 21:19; 00:00; 00:00; 00:00; ; ; ; 52,1739756; 20,9718466; 0; 160; 619,5; 619,5; 403,56; 403,56; 223,47; 223,47; 223,47; 0; 0; 18:34:39

1; 2; 19:09; 21:19; 00:00; 00:00; 00:00; ; ; ; 52,1739756; 20,9718466; 0; 160; 619,5; 619,5; 403,56; 403,56; 223,47; 223,47; 223,47; 0; 1358; 18:34:43

1; 2; 19:09; 21:19; 00:00; 00:00; 00:00; ; ; ; 52,1739756; 20,9718466; 0; 160; 619,5; 619,5; 403,56; 403,56; 223,47; 223,47; 223,47; 0; 0; 18:34:46

1; 2; 19:09; 21:19; 00:00; 00:00; 00:00; ; ; ; 52,1739756; 20,9718466; 0; 160; 619,5; 619,5; 403,56; 403,56; 223,47; 223,47; 223,47; 0; 0; 18:34:49

1; 2; 19:09; 21:19; 00:00; 00:00; 00:00; ; ; ; 52,1739756; 20,9718466; 0; 160; 619,5; 619,5; 403,56; 403,56; 223,47; 223,47; 223,47; 0; 0; 18:34:52

1; 2; 19:09; 21:19; 00:00; 00:00; 00:00; ; ; ; 52,1739756; 20,9718466; 0; 160; 619,5; 619,5; 403,56; 403,56; 223,47; 223,47; 223,47; 0; 0; 18:34:55

1; 2; 19:09; 21:19; 00:00; 00:00; 00:00; ; ; ; 52,1739756; 20,9718466; 0; 160; 619,5; 619,5; 403,56; 403,56; 223,47; 223,47; 223,47; 0; 1466; 18:34:59

1; 2; 19:09; 21:19; 00:00; 00:00; 00:00; ; ; ; 52,1739756; 20,9718466; 0; 160; 619,5; 619,5; 403,56; 403,56; 223,47; 223,47; 223,47; 0; 0; 18:35:02

1; 2; 19:09; 21:19; 00:00; 00:00; 00:00; ; ; ; 52,1739756; 20,9718466; 0; 160; 619,5; 619,5; 403,56; 403,56; 223,47; 223,47; 223,47; 0; 0; 18:35:05

1; 2; 19:09; 21:19; 00:00; 00:00; 00:00; ; ; ; 52,1739756; 20,9718466; 0; 160; 619,5; 619,5; 403,56; 403,56; 223,47; 223,47; 223,47; 0; 0; 18:35:08

1; 2; 19:09; 21:19; 00:00; 00:00; 00:00; ; ; ; 52,1739756; 20,9718466; 0; 160; 619,5; 619,5; 403,56; 403,56; 223,47; 223,47; 223,47; 0; 0; 18:35:11

1; 2; 19:09; 21:19; 00:00; 00:00; 00:00; ; ; ; 52,1739756; 20,9718466; 0; 160; 619,5; 619,5; 403,56; 403,56; 223,47; 223,47; 223,47; 0; 686; 18:35:15

1; 2; 19:09; 21:19; 00:00; 00:00; 00:00; ; ; ; 52,1739756; 20,9718466; 0; 160; 619,5; 619,5; 403,56; 403,56; 223,47; 223,47; 223,47; 0; 0; 18:35:18

1; 2; 19:09; 21:19; 00:00; 00:00; 00:00; ; ; ; 52,1739756; 20,9718466; 0; 160; 619,5; 619,5; 403,56; 403,56; 223,47; 223,47; 223,47; 0; 0; 18:35:21

1; 2; 19:09; 21:19; 00:00; 00:00; 00:00; ; ; ; 52,1739756; 20,9718466; 0; 160; 619,5; 619,5; 403,56; 403,56; 223,47; 223,47; 223,47; 0; 0; 18:35:24

1; 2; 19:09; 21:19; 00:00; 00:00; 00:00; ; ; ; 52,1739756; 20,9718466; 0; 160; 619,5; 619,5; 403,56; 403,56; 223,47; 223,47; 223,47; 0; 0; 18:35:27

1; 2; 19:09; 21:19; 00:00; 00:00; 00:00; ; ; ; 52,1739756; 20,9718466; 0; 160; 619,5; 619,5; 403,56; 403,56; 223,47; 223,47; 223,47; 0; 1030; 18:35:31

1; 2; 19:09; 21:19; 00:00; 00:00; 00:00; ; ; ; 52,1739756; 20,9718466; 0; 160; 619,5; 619,5; 403,56; 403,56; 223,47; 223,47; 223,47; 0; 0; 18:35:34

1; 2; 19:09; 21:19; 00:00; 00:00; 00:00; ; ; ; 52,1739756; 20,9718466; 0; 160; 619,5; 619,5; 403,56; 403,56; 223,47; 223,47; 223,47; 0; 0; 18:35:37

1; 2; 19:09; 21:19; 00:00; 00:00; 00:00; ; ; ; 52,1739756; 20,9718466; 0; 160; 619,5; 619,5; 403,56; 403,56; 223,47; 223,47; 223,47; 0; 0; 18:35:40

1; 2; 19:09; 21:19; 00:00; 00:00; 00:00; ; ; ; 52,1739756; 20,9718466; 0; 160; 619,5; 619,5; 403,56; 403,56; 223,47; 223,47; 223,47; 0; 0; 18:35:43

1; 2; 19:09; 21:19; 00:00; 00:00; 00:00; ; ; ; 52,1739756; 20,9718466; 0; 160; 619,5; 619,5; 403,56; 403,56; 223,47; 223,47; 223,47; 0; 561; 18:35:46

1; 2; 19:09; 21:19; 00:00; 00:00; 00:00; ; ; ; 52,1739756; 20,9718466; 0; 160; 619,5; 619,5; 403,56; 403,56; 223,47; 223,47; 223,47; 0; 0; 18:35:49

1; 2; 19:09; 21:19; 00:00; 00:00; 00:00; ; ; ; 52,1739756; 20,9718466; 0; 160; 619,5; 619,5; 403,56; 403,56; 223,47; 223,47; 223,47; 0; 0; 18:35:52

1; 2; 19:09; 21:19; 00:00; 00:00; 00:00; ; ; ; 52,1739756; 20,9718466; 0; 160; 619,5; 619,5; 403,56; 403,56; 223,47; 223,47; 223,47; 0; 0; 18:35:55

1; 2; 19:09; 21:19; 00:00; 00:00; 00:00; ; ; ; 52,1739756; 20,9718466; 0; 160; 619,5; 619,5; 403,56; 403,56; 223,47; 223,47; 223,47; 0; 0; 18:35:58

1; 2; 19:09; 21:19; 00:00; 00:00; 00:00; ; ; ; 52,1739756; 20,9718466; 0; 160; 619,5; 619,5; 403,56; 403,56; 223,47; 223,47; 223,47; 0; 1124; 18:36:02

1; 2; 19:09; 21:19; 00:00; 00:00; 00:00; ; ; ; 52,1739756; 20,9718466; 0; 160; 619,5; 619,5; 403,56; 403,56; 223,47; 223,47; 223,47; 0; 0; 18:36:05

1; 2; 19:09; 21:19; 00:00; 00:00; 00:00; ; ; ; 52,1739756; 20,9718466; 0; 160; 619,5; 619,5; 403,56; 403,56; 223,47; 223,47; 223,47; 0; 0; 18:36:08

1; 2; 19:09; 21:19; 00:00; 00:00; 00:00; ; ; ; 52,1739756; 20,9718466; 0; 160; 619,5; 619,5; 403,56; 403,56; 223,47; 223,47; 223,47; 0; 0; 18:36:11

1; 2; 19:09; 21:19; 00:00; 00:00; 00:00; ; ; ; 52,1739756; 20,9718466; 0; 160; 619,5; 619,5; 403,56; 403,56; 223,47; 223,47; 223,47; 0; 0; 18:36:14

1; 2; 19:09; 21:19; 00:00; 00:00; 00:00; ; ; ; 52,1739756; 20,9718466; 0; 160; 619,5; 619,5; 403,56; 403,56; 223,47; 223,47; 223,47; 0; 1170; 18:36:18

1; 2; 19:09; 21:19; 00:00; 00:00; 00:00; ; ; ; 52,1739756; 20,9718466; 0; 160; 619,5; 619,5; 403,56; 403,56; 223,47; 223,47; 223,47; 0; 0; 18:36:21

1; 2; 19:09; 21:19; 00:00; 00:00; 00:00; ; ; ; 52,1739756; 20,9718466; 0; 160; 619,5; 619,5; 403,56; 403,56; 223,47; 223,47; 223,47; 0; 0; 18:36:24

1; 2; 19:09; 21:19; 00:00; 00:00; 00:00; ; ; ; 52,1739756; 20,9718466; 0; 160; 619,5; 619,5; 403,56; 403,56; 223,47; 223,47; 223,47; 0; 0; 18:36:27

1; 2; 19:09; 21:19; 00:00; 00:00; 00:00; ; ; ; 52,1739756; 20,9718466; 0; 160; 619,5; 619,5; 403,56; 403,56; 223,47; 223,47; 223,47; 0; 0; 18:36:30

1; 2; 19:09; 21:19; 00:00; 00:00; 00:00; ; ; ; 52,1739756; 20,9718466; 0; 160; 619,5; 619,5; 403,56; 403,56; 223,47; 223,47; 223,47; 0; 749; 18:36:34

1; 2; 19:09; 21:19; 00:00; 00:00; 00:00; ; ; ; 52,1739756; 20,9718466; 0; 160; 619,5; 619,5; 403,56; 403,56; 223,47; 223,47; 223,47; 0; 0; 18:36:37

1; 2; 19:09; 21:19; 00:00; 00:00; 00:00; ; ; ; 52,1739756; 20,9718466; 0; 160; 619,5; 619,5; 403,56; 403,56; 223,47; 223,47; 223,47; 0; 0; 18:36:40

1; 2; 19:09; 21:19; 00:00; 00:00; 00:00; ; ; ; 52,1739756; 20,9718466; 0; 160; 619,5; 619,5; 403,56; 403,56; 223,47; 223,47; 223,47; 0; 0; 18:36:43

1; 2; 19:09; 21:19; 00:00; 00:00; 00:00; ; ; ; 52,1739756; 20,9718466; 0; 160; 619,5; 619,5; 403,56; 403,56; 223,47; 223,47; 223,47; 0; 0; 18:36:46

1; 2; 19:09; 21:19; 00:00; 00:00; 00:00; ; ; ; 52,1739756; 20,9718466; 0; 160; 619,5; 619,5; 403,56; 403,56; 223,47; 223,47; 223,47; 0; 1295; 18:36:50

1; 2; 19:09; 21:19; 00:00; 00:00; 00:00; ; ; ; 52,1739756; 20,9718466; 0; 160; 619,5; 619,5; 403,56; 403,56; 223,47; 223,47; 223,47; 0; 0; 18:36:53

1; 2; 19:09; 21:19; 00:00; 00:00; 00:00; ; ; ; 52,1739756; 20,9718466; 0; 160; 619,5; 619,5; 403,56; 403,56; 223,47; 223,47; 223,47; 0; 0; 18:36:56

1; 2; 19:09; 21:19; 00:00; 00:00; 00:00; ; ; ; 52,1739756; 20,9718466; 0; 160; 619,5; 619,5; 403,56; 403,56; 223,47; 223,47; 223,47; 0; 0; 18:36:59

1; 2; 19:09; 21:19; 00:00; 00:00; 00:00; ; ; ; 52,1739756; 20,9718466; 0; 160; 619,5; 619,5; 403,56; 403,56; 223,47; 223,47; 223,47; 0; 0; 18:37:02

1; 2; 19:09; 21:19; 00:00; 00:00; 00:00; ; ; ; 52,1739756; 20,9718466; 0; 160; 619,5; 619,5; 403,56; 403,56; 223,47; 223,47; 223,47; 0; 1123; 18:37:06

1; 2; 19:09; 21:19; 00:00; 00:00; 00:00; ; ; ; 52,1739756; 20,9718466; 0; 160; 619,5; 619,5; 403,56; 403,56; 223,47; 223,47; 223,47; 0; 0; 18:37:09

1; 2; 19:09; 21:19; 00:00; 00:00; 00:00; ; ; ; 52,1739756; 20,9718466; 0; 160; 619,5; 619,5; 403,56; 403,56; 223,47; 223,47; 223,47; 0; 0; 18:37:12

1; 2; 19:09; 21:19; 00:00; 00:00; 00:00; ; ; ; 52,1739756; 20,9718466; 0; 160; 619,5; 619,5; 403,56; 403,56; 223,47; 223,47; 223,47; 0; 0; 18:37:15

1; 2; 19:09; 21:19; 00:00; 00:00; 00:00; ; ; ; 52,1739756; 20,9718466; 0; 160; 619,5; 619,5; 403,56; 403,56; 223,47; 223,47; 223,47; 0; 0; 18:37:18

1; 2; 19:09; 21:19; 00:00; 00:00; 00:00; ; ; ; 52,1739756; 20,9718466; 0; 160; 619,5; 619,5; 403,56; 403,56; 223,47; 223,47; 223,47; 0; 1217; 18:37:22

1; 2; 19:09; 21:19; 00:00; 00:00; 00:00; ; ; ; 52,1739756; 20,9718466; 0; 160; 619,5; 619,5; 403,56; 403,56; 223,47; 223,47; 223,47; 0; 0; 18:37:25

1; 2; 19:09; 21:19; 00:00; 00:00; 00:00; ; ; ; 52,1739756; 20,9718466; 0; 160; 619,5; 619,5; 403,56; 403,56; 223,47; 223,47; 223,47; 0; 0; 18:37:28

1; 2; 19:09; 21:19; 00:00; 00:00; 00:00; ; ; ; 52,1739756; 20,9718466; 0; 160; 619,5; 619,5; 403,56; 403,56; 223,47; 223,47; 223,47; 0; 0; 18:37:31

1; 2; 19:09; 21:19; 00:00; 00:00; 00:00; ; ; ; 52,1739756; 20,9718466; 0; 160; 619,5; 619,5; 403,56; 403,56; 223,47; 223,47; 223,47; 0; 0; 18:37:34

1; 2; 19:09; 21:19; 00:00; 00:00; 00:00; ; ; ; 52,1739756; 20,9718466; 0; 160; 619,5; 619,5; 403,56; 403,56; 223,47; 223,47; 223,47; 0; 1217; 18:37:38

1; 2; 19:09; 21:19; 00:00; 00:00; 00:00; ; ; ; 52,1739756; 20,9718466; 0; 160; 619,5; 619,5; 403,56; 403,56; 223,47; 223,47; 223,47; 0; 0; 18:37:41

1; 2; 19:09; 21:19; 00:00; 00:00; 00:00; ; ; ; 52,1739756; 20,9718466; 0; 160; 619,5; 619,5; 403,56; 403,56; 223,47; 223,47; 223,47; 0; 0; 18:37:44

1; 2; 19:09; 21:19; 00:00; 00:00; 00:00; ; ; ; 52,1739756; 20,9718466; 0; 160; 619,5; 619,5; 403,56; 403,56; 223,47; 223,47; 223,47; 0; 0; 18:37:47

1; 2; 19:09; 21:19; 00:00; 00:00; 00:00; ; ; ; 52,1739756; 20,9718466; 0; 160; 619,5; 619,5; 403,56; 403,56; 223,47; 223,47; 223,47; 0; 0; 18:37:50

1; 2; 19:09; 21:19; 00:00; 00:00; 00:00; ; ; ; 52,1739756; 20,9718466; 0; 160; 619,5; 619,5; 403,56; 403,56; 223,47; 223,47; 223,47; 0; 1248; 18:37:54

1; 2; 19:09; 21:19; 00:00; 00:00; 00:00; ; ; ; 52,1739756; 20,9718466; 0; 160; 619,5; 619,5; 403,56; 403,56; 223,47; 223,47; 223,47; 0; 0; 18:37:57

1; 2; 19:09; 21:19; 00:00; 00:00; 00:00; ; ; ; 52,1739756; 20,9718466; 0; 160; 619,5; 619,5; 403,56; 403,56; 223,47; 223,47; 223,47; 0; 0; 18:38:00

1; 2; 19:09; 21:19; 00:00; 00:00; 00:00; ; ; ; 52,1739756; 20,9718466; 0; 160; 619,5; 619,5; 403,56; 403,56; 223,47; 223,47; 223,47; 0; 0; 18:38:03

1; 2; 19:09; 21:19; 00:00; 00:00; 00:00; ; ; ; 52,1739756; 20,9718466; 0; 160; 619,5; 619,5; 403,56; 403,56; 223,47; 223,47; 223,47; 0; 0; 18:38:06

1; 2; 19:09; 21:19; 00:00; 00:00; 00:00; ; ; ; 52,1739756; 20,9718466; 0; 160; 619,5; 619,5; 403,56; 403,56; 223,47; 223,47; 223,47; 0; 515; 18:38:09

1; 2; 19:09; 21:19; 00:00; 00:00; 00:00; ; ; ; 52,1739756; 20,9718466; 0; 160; 619,5; 619,5; 403,56; 403,56; 223,47; 223,47; 223,47; 0; 0; 18:38:12

1; 2; 19:09; 21:19; 00:00; 00:00; 00:00; ; ; ; 52,1739756; 20,9718466; 0; 160; 619,5; 619,5; 403,56; 403,56; 223,47; 223,47; 223,47; 0; 0; 18:38:15

1; 2; 19:09; 21:19; 00:00; 00:00; 00:00; ; ; ; 52,1739756; 20,9718466; 0; 160; 619,5; 619,5; 403,56; 403,56; 223,47; 223,47; 223,47; 0; 0; 18:38:18

1; 2; 19:09; 21:19; 00:00; 00:00; 00:00; ; ; ; 52,1739756; 20,9718466; 0; 160; 619,5; 619,5; 403,56; 403,56; 223,47; 223,47; 223,47; 0; 0; 18:38:21

1; 2; 19:09; 21:19; 00:00; 00:00; 00:00; ; ; ; 52,1739756; 20,9718466; 0; 160; 619,5; 619,5; 403,56; 403,56; 223,47; 223,47; 223,47; 0; 468; 18:38:24

1; 2; 19:09; 21:19; 00:00; 00:00; 00:00; ; ; ; 52,1739756; 20,9718466; 0; 160; 619,5; 619,5; 403,56; 403,56; 223,47; 223,47; 223,47; 0; 0; 18:38:27

1; 2; 19:09; 21:19; 00:00; 00:00; 00:00; ; ; ; 52,1739756; 20,9718466; 0; 160; 619,5; 619,5; 403,56; 403,56; 223,47; 223,47; 223,47; 0; 0; 18:38:30

1; 2; 19:09; 21:19; 00:00; 00:00; 00:00; ; ; ; 52,1739756; 20,9718466; 0; 160; 619,5; 619,5; 403,56; 403,56; 223,47; 223,47; 223,47; 0; 0; 18:38:33

1; 2; 19:09; 21:19; 00:00; 00:00; 00:00; ; ; ; 52,1739756; 20,9718466; 0; 160; 619,5; 619,5; 403,56; 403,56; 223,47; 223,47; 223,47; 0; 0; 18:38:36

1; 2; 19:09; 21:19; 00:00; 00:00; 00:00; ; ; ; 52,1739756; 20,9718466; 0; 160; 619,5; 619,5; 403,56; 403,56; 223,47; 223,47; 223,47; 0; 593; 18:38:40

1; 2; 19:09; 21:19; 00:00; 00:00; 00:00; ; ; ; 52,1739756; 20,9718466; 0; 160; 619,5; 619,5; 403,56; 403,56; 223,47; 223,47; 223,47; 0; 31; 18:38:43

1; 2; 19:09; 21:19; 00:00; 00:00; 00:00; ; ; ; 52,1739756; 20,9718466; 0; 160; 619,5; 619,5; 403,56; 403,56; 223,47; 223,47; 223,47; 0; 0; 18:38:46

1; 2; 19:09; 21:19; 00:00; 00:00; 00:00; ; ; ; 52,1739756; 20,9718466; 0; 160; 619,5; 619,5; 403,56; 403,56; 223,47; 223,47; 223,47; 0; 0; 18:38:49

1; 2; 19:09; 21:19; 00:00; 00:00; 00:00; ; ; ; 52,1739756; 20,9718466; 0; 160; 619,5; 619,5; 403,56; 403,56; 223,47; 223,47; 223,47; 0; 0; 18:38:52

1; 2; 19:09; 21:19; 00:00; 00:00; 00:00; ; ; ; 52,1739756; 20,9718466; 0; 160; 619,5; 619,5; 403,56; 403,56; 223,47; 223,47; 223,47; 0; 468; 18:38:55

1; 2; 19:09; 21:19; 00:00; 00:00; 00:00; ; ; ; 52,1739756; 20,9718466; 0; 160; 619,5; 619,5; 403,56; 403,56; 223,47; 223,47; 223,47; 0; 0; 18:38:58

1; 2; 19:09; 21:19; 00:00; 00:00; 00:00; ; ; ; 52,1739756; 20,9718466; 0; 160; 619,5; 619,5; 403,56; 403,56; 223,47; 223,47; 223,47; 0; 0; 18:39:01

1; 2; 19:09; 21:19; 00:00; 00:00; 00:00; ; ; ; 52,1739756; 20,9718466; 0; 160; 619,5; 619,5; 403,56; 403,56; 223,47; 223,47; 223,47; 0; 0; 18:39:04

1; 2; 19:09; 21:19; 00:00; 00:00; 00:00; ; ; ; 52,1739756; 20,9718466; 0; 160; 619,5; 619,5; 403,56; 403,56; 223,47; 223,47; 223,47; 0; 0; 18:39:07

1; 2; 19:09; 21:19; 00:00; 00:00; 00:00; ; ; ; 52,1739756; 20,9718466; 0; 160; 619,5; 619,5; 403,56; 403,56; 223,47; 223,47; 223,47; 0; 1497; 18:39:11

1; 2; 19:09; 21:19; 00:00; 00:00; 00:00; ; ; ; 52,1739756; 20,9718466; 0; 160; 619,5; 619,5; 403,56; 403,56; 223,47; 223,47; 223,47; 0; 0; 18:39:14

1; 2; 19:09; 21:19; 00:00; 00:00; 00:00; ; ; ; 52,1739756; 20,9718466; 0; 160; 619,5; 619,5; 403,56; 403,56; 223,47; 223,47; 223,47; 0; 0; 18:39:17

1; 2; 19:09; 21:19; 00:00; 00:00; 00:00; ; ; ; 52,1739756; 20,9718466; 0; 160; 619,5; 619,5; 403,56; 403,56; 223,47; 223,47; 223,47; 0; 0; 18:39:20

1; 2; 19:09; 21:19; 00:00; 00:00; 00:00; ; ; ; 52,1739756; 20,9718466; 0; 160; 619,5; 619,5; 403,56; 403,56; 223,47; 223,47; 223,47; 0; 0; 18:39:23

1; 2; 19:09; 21:19; 00:00; 00:00; 00:00; ; ; ; 52,1739756; 20,9718466; 0; 160; 619,5; 619,5; 403,56; 403,56; 223,47; 223,47; 223,47; 0; 749; 18:39:27

1; 2; 19:09; 21:19; 00:00; 00:00; 00:00; ; ; ; 52,1739756; 20,9718466; 0; 160; 619,5; 619,5; 403,56; 403,56; 223,47; 223,47; 223,47; 0; 0; 18:39:30

1; 2; 19:09; 21:19; 00:00; 00:00; 00:00; ; ; ; 52,1739756; 20,9718466; 0; 160; 619,5; 619,5; 403,56; 403,56; 223,47; 223,47; 223,47; 0; 0; 18:39:33

1; 2; 19:09; 21:19; 00:00; 00:00; 00:00; ; ; ; 52,1739756; 20,9718466; 0; 160; 619,5; 619,5; 403,56; 403,56; 223,47; 223,47; 223,47; 0; 0; 18:39:36

1; 2; 19:09; 21:19; 00:00; 00:00; 00:00; ; ; ; 52,1739756; 20,9718466; 0; 160; 619,5; 619,5; 403,56; 403,56; 223,47; 223,47; 223,47; 0; 0; 18:39:39

1; 2; 19:09; 21:19; 00:00; 00:00; 00:00; ; ; ; 52,1739756; 20,9718466; 0; 160; 619,5; 619,5; 403,56; 403,56; 223,47; 223,47; 223,47; 0; 1467; 18:39:43

1; 2; 19:09; 21:19; 00:00; 00:00; 00:00; ; ; ; 52,1739756; 20,9718466; 0; 160; 619,5; 619,5; 403,56; 403,56; 223,47; 223,47; 223,47; 0; 0; 18:39:46

1; 2; 19:09; 21:19; 00:00; 00:00; 00:00; ; ; ; 52,1739756; 20,9718466; 0; 160; 619,5; 619,5; 403,56; 403,56; 223,47; 223,47; 223,47; 0; 0; 18:39:49

1; 2; 19:09; 21:19; 00:00; 00:00; 00:00; ; ; ; 52,1739756; 20,9718466; 0; 160; 619,5; 619,5; 403,56; 403,56; 223,47; 223,47; 223,47; 0; 0; 18:39:52

1; 2; 19:09; 21:19; 00:00; 00:00; 00:00; ; ; ; 52,1739756; 20,9718466; 0; 160; 619,5; 619,5; 403,56; 403,56; 223,47; 223,47; 223,47; 0; 0; 18:39:55

1; 2; 19:09; 21:19; 00:00; 00:00; 00:00; ; ; ; 52,1739756; 20,9718466; 0; 160; 619,5; 619,5; 403,56; 403,56; 223,47; 223,47; 223,47; 0; 1264; 18:39:59

1; 2; 19:09; 21:19; 00:00; 00:00; 00:00; ; ; ; 52,1739756; 20,9718466; 0; 160; 619,5; 619,5; 403,56; 403,56; 223,47; 223,47; 223,47; 0; 16; 18:40:02

1; 2; 19:09; 21:19; 00:00; 00:00; 00:00; ; ; ; 52,1739756; 20,9718466; 0; 160; 619,5; 619,5; 403,56; 403,56; 223,47; 223,47; 223,47; 0; 0; 18:40:05

1; 2; 19:09; 21:19; 00:00; 00:00; 00:00; ; ; ; 52,1739756; 20,9718466; 0; 160; 619,5; 619,5; 403,56; 403,56; 223,47; 223,47; 223,47; 0; 0; 18:40:08

1; 2; 19:09; 21:19; 00:00; 00:00; 00:00; ; ; ; 52,1739756; 20,9718466; 0; 160; 619,5; 619,5; 403,56; 403,56; 223,47; 223,47; 223,47; 0; 0; 18:40:11

1; 2; 19:09; 21:19; 00:00; 00:00; 00:00; ; ; ; 52,1739756; 20,9718466; 0; 160; 619,5; 619,5; 403,56; 403,56; 223,47; 223,47; 223,47; 0; 1186; 18:40:15

1; 2; 19:09; 21:19; 00:00; 00:00; 00:00; ; ; ; 52,1739756; 20,9718466; 0; 160; 619,5; 619,5; 403,56; 403,56; 223,47; 223,47; 223,47; 0; 0; 18:40:18

1; 2; 19:09; 21:19; 00:00; 00:00; 00:00; ; ; ; 52,1739756; 20,9718466; 0; 160; 619,5; 619,5; 403,56; 403,56; 223,47; 223,47; 223,47; 0; 0; 18:40:21

1; 2; 19:09; 21:19; 00:00; 00:00; 00:00; ; ; ; 52,1739756; 20,9718466; 0; 160; 619,5; 619,5; 403,56; 403,56; 223,47; 223,47; 223,47; 0; 0; 18:40:24

1; 2; 19:09; 21:19; 00:00; 00:00; 00:00; ; ; ; 52,1739756; 20,9718466; 0; 160; 619,5; 619,5; 403,56; 403,56; 223,47; 223,47; 223,47; 0; 0; 18:40:27

1; 2; 19:09; 21:19; 00:00; 00:00; 00:00; ; ; ; 52,1739756; 20,9718466; 0; 160; 619,5; 619,5; 403,56; 403,56; 223,47; 223,47; 223,47; 0; 1373; 18:40:31

1; 2; 19:09; 21:19; 00:00; 00:00; 00:00; ; ; ; 52,1739756; 20,9718466; 0; 160; 619,5; 619,5; 403,56; 403,56; 223,47; 223,47; 223,47; 0; 0; 18:40:34

1; 2; 19:09; 21:19; 00:00; 00:00; 00:00; ; ; ; 52,1739756; 20,9718466; 0; 160; 619,5; 619,5; 403,56; 403,56; 223,47; 223,47; 223,47; 0; 0; 18:40:37

1; 2; 19:09; 21:19; 00:00; 00:00; 00:00; ; ; ; 52,1739756; 20,9718466; 0; 160; 619,5; 619,5; 403,56; 403,56; 223,47; 223,47; 223,47; 0; 0; 18:40:40

1; 2; 19:09; 21:19; 00:00; 00:00; 00:00; ; ; ; 52,1739756; 20,9718466; 0; 160; 619,5; 619,5; 403,56; 403,56; 223,47; 223,47; 223,47; 0; 0; 18:40:43

1; 2; 19:09; 21:19; 00:00; 00:00; 00:00; ; ; ; 52,1739756; 20,9718466; 0; 160; 619,5; 619,5; 403,56; 403,56; 223,47; 223,47; 223,47; 0; 889; 18:40:47

1; 2; 19:09; 21:19; 00:00; 00:00; 00:00; ; ; ; 52,1739756; 20,9718466; 0; 160; 619,5; 619,5; 403,56; 403,56; 223,47; 223,47; 223,47; 0; 0; 18:40:50

1; 2; 19:09; 21:19; 00:00; 00:00; 00:00; ; ; ; 52,1739756; 20,9718466; 0; 160; 619,5; 619,5; 403,56; 403,56; 223,47; 223,47; 223,47; 0; 0; 18:40:53

1; 2; 19:09; 21:19; 00:00; 00:00; 00:00; ; ; ; 52,1739756; 20,9718466; 0; 160; 619,5; 619,5; 403,56; 403,56; 223,47; 223,47; 223,47; 0; 0; 18:40:56

1; 2; 19:09; 21:19; 00:00; 00:00; 00:00; ; ; ; 52,1739756; 20,9718466; 0; 160; 619,5; 619,5; 403,56; 403,56; 223,47; 223,47; 223,47; 0; 31; 18:40:59

1; 2; 19:09; 21:19; 00:00; 00:00; 00:00; ; ; ; 52,1739756; 20,9718466; 0; 160; 619,5; 619,5; 403,56; 403,56; 223,47; 223,47; 223,47; 0; 468; 18:41:02

1; 2; 19:09; 21:19; 00:00; 00:00; 00:00; ; ; ; 52,1739756; 20,9718466; 0; 160; 619,5; 619,5; 403,56; 403,56; 223,47; 223,47; 223,47; 0; 16; 18:41:05

1; 2; 19:09; 21:19; 00:00; 00:00; 00:00; ; ; ; 52,1739756; 20,9718466; 0; 160; 619,5; 619,5; 403,56; 403,56; 223,47; 223,47; 223,47; 0; 0; 18:41:08

1; 2; 19:09; 21:19; 00:00; 00:00; 00:00; ; ; ; 52,1739756; 20,9718466; 0; 160; 619,5; 619,5; 403,56; 403,56; 223,47; 223,47; 223,47; 0; 0; 18:41:11

1; 2; 19:09; 21:19; 00:00; 00:00; 00:00; ; ; ; 52,1739756; 20,9718466; 0; 160; 619,5; 619,5; 403,56; 403,56; 223,47; 223,47; 223,47; 0; 0; 18:41:14

1; 2; 19:09; 21:19; 00:00; 00:00; 00:00; ; ; ; 52,1739756; 20,9718466; 0; 160; 619,5; 619,5; 403,56; 403,56; 223,47; 223,47; 223,47; 0; 562; 18:41:17

1; 2; 19:09; 21:19; 00:00; 00:00; 00:00; ; ; ; 52,1739756; 20,9718466; 0; 160; 619,5; 619,5; 403,56; 403,56; 223,47; 223,47; 223,47; 0; 0; 18:41:20

1; 2; 19:09; 21:19; 00:00; 00:00; 00:00; ; ; ; 52,1739756; 20,9718466; 0; 160; 619,5; 619,5; 403,56; 403,56; 223,47; 223,47; 223,47; 0; 0; 18:41:23

1; 2; 19:09; 21:19; 00:00; 00:00; 00:00; ; ; ; 52,1739756; 20,9718466; 0; 160; 619,5; 619,5; 403,56; 403,56; 223,47; 223,47; 223,47; 0; 0; 18:41:26

1; 2; 19:09; 21:19; 00:00; 00:00; 00:00; ; ; ; 52,1739756; 20,9718466; 0; 160; 619,5; 619,5; 403,56; 403,56; 223,47; 223,47; 223,47; 0; 0; 18:41:29

1; 2; 19:09; 21:19; 00:00; 00:00; 00:00; ; ; ; 52,1739756; 20,9718466; 0; 160; 619,5; 619,5; 403,56; 403,56; 223,47; 223,47; 223,47; 0; 765; 18:41:33

1; 2; 19:09; 21:19; 00:00; 00:00; 00:00; ; ; ; 52,1739756; 20,9718466; 0; 160; 619,5; 619,5; 403,56; 403,56; 223,47; 223,47; 223,47; 0; 0; 18:41:36

1; 2; 19:09; 21:19; 00:00; 00:00; 00:00; ; ; ; 52,1739756; 20,9718466; 0; 160; 619,5; 619,5; 403,56; 403,56; 223,47; 223,47; 223,47; 0; 0; 18:41:39

1; 2; 19:09; 21:19; 00:00; 00:00; 00:00; ; ; ; 52,1739756; 20,9718466; 0; 160; 619,5; 619,5; 403,56; 403,56; 223,47; 223,47; 223,47; 0; 0; 18:41:42

1; 2; 19:09; 21:19; 00:00; 00:00; 00:00; ; ; ; 52,1739756; 20,9718466; 0; 160; 619,5; 619,5; 403,56; 403,56; 223,47; 223,47; 223,47; 0; 16; 18:41:45

1; 2; 19:09; 21:19; 00:00; 00:00; 00:00; ; ; ; 52,1739756; 20,9718466; 0; 160; 619,5; 619,5; 403,56; 403,56; 223,47; 223,47; 223,47; 0; 484; 18:41:48

1; 2; 19:09; 21:19; 00:00; 00:00; 00:00; ; ; ; 52,1739756; 20,9718466; 0; 160; 619,5; 619,5; 403,56; 403,56; 223,47; 223,47; 223,47; 0; 0; 18:41:51

1; 2; 19:09; 21:19; 00:00; 00:00; 00:00; ; ; ; 52,1739756; 20,9718466; 0; 160; 619,5; 619,5; 403,56; 403,56; 223,47; 223,47; 223,47; 0; 0; 18:41:54

1; 2; 19:09; 21:19; 00:00; 00:00; 00:00; ; ; ; 52,1739756; 20,9718466; 0; 160; 619,5; 619,5; 403,56; 403,56; 223,47; 223,47; 223,47; 0; 0; 18:41:57

1; 2; 19:09; 21:19; 00:00; 00:00; 00:00; ; ; ; 52,1739756; 20,9718466; 0; 160; 619,5; 619,5; 403,56; 403,56; 223,47; 223,47; 223,47; 0; 0; 18:42:00

1; 2; 19:09; 21:19; 00:00; 00:00; 00:00; ; ; ; 52,1739756; 20,9718466; 0; 160; 619,5; 619,5; 403,56; 403,56; 223,47; 223,47; 223,47; 0; 921; 18:42:04

1; 2; 19:09; 21:19; 00:00; 00:00; 00:00; ; ; ; 52,1739756; 20,9718466; 0; 160; 619,5; 619,5; 403,56; 403,56; 223,47; 223,47; 223,47; 0; 0; 18:42:07

1; 2; 19:09; 21:19; 00:00; 00:00; 00:00; ; ; ; 52,1739756; 20,9718466; 0; 160; 619,5; 619,5; 403,56; 403,56; 223,47; 223,47; 223,47; 0; 0; 18:42:10

1; 2; 19:09; 21:19; 00:00; 00:00; 00:00; ; ; ; 52,1739756; 20,9718466; 0; 160; 619,5; 619,5; 403,56; 403,56; 223,47; 223,47; 223,47; 0; 0; 18:42:13

1; 2; 19:09; 21:19; 00:00; 00:00; 00:00; ; ; ; 52,1739756; 20,9718466; 0; 160; 619,5; 619,5; 403,56; 403,56; 223,47; 223,47; 223,47; 0; 0; 18:42:16

1; 2; 19:09; 21:19; 00:00; 00:00; 00:00; ; ; ; 52,1739756; 20,9718466; 0; 160; 619,5; 619,5; 403,56; 403,56; 223,47; 223,47; 223,47; 0; 1217; 18:42:20

1; 2; 19:09; 21:19; 00:00; 00:00; 00:00; ; ; ; 52,1739756; 20,9718466; 0; 160; 619,5; 619,5; 403,56; 403,56; 223,47; 223,47; 223,47; 0; 0; 18:42:23

1; 2; 19:09; 21:19; 00:00; 00:00; 00:00; ; ; ; 52,1739756; 20,9718466; 0; 160; 619,5; 619,5; 403,56; 403,56; 223,47; 223,47; 223,47; 0; 0; 18:42:26

1; 2; 19:09; 21:19; 00:00; 00:00; 00:00; ; ; ; 52,1739756; 20,9718466; 0; 160; 619,5; 619,5; 403,56; 403,56; 223,47; 223,47; 223,47; 0; 0; 18:42:29

1; 2; 19:09; 21:19; 00:00; 00:00; 00:00; ; ; ; 52,1739756; 20,9718466; 0; 160; 619,5; 619,5; 403,56; 403,56; 223,47; 223,47; 223,47; 0; 0; 18:42:32

1; 2; 19:09; 21:19; 00:00; 00:00; 00:00; ; ; ; 52,1739756; 20,9718466; 0; 160; 619,5; 619,5; 403,56; 403,56; 223,47; 223,47; 223,47; 0; 2012; 18:42:37

1; 2; 19:09; 21:19; 00:00; 00:00; 00:00; ; ; ; 52,1739756; 20,9718466; 0; 160; 619,5; 619,5; 403,56; 403,56; 223,47; 223,47; 223,47; 0; 0; 18:42:40

1; 2; 19:09; 21:19; 00:00; 00:00; 00:00; ; ; ; 52,1739756; 20,9718466; 0; 160; 619,5; 619,5; 403,56; 403,56; 223,47; 223,47; 223,47; 0; 0; 18:42:43

1; 2; 19:09; 21:19; 00:00; 00:00; 00:00; ; ; ; 52,1739756; 20,9718466; 0; 160; 619,5; 619,5; 403,56; 403,56; 223,47; 223,47; 223,47; 0; 0; 18:42:46

1; 2; 19:09; 21:19; 00:00; 00:00; 00:00; ; ; ; 52,1739756; 20,9718466; 0; 160; 619,5; 619,5; 403,56; 403,56; 223,47; 223,47; 223,47; 0; 0; 18:42:49

1; 2; 19:09; 21:19; 00:00; 00:00; 00:00; ; ; ; 52,1739756; 20,9718466; 0; 160; 619,5; 619,5; 403,56; 403,56; 223,47; 223,47; 223,47; 0; 1326; 18:42:53

1; 2; 19:09; 21:19; 00:00; 00:00; 00:00; ; ; ; 52,1739756; 20,9718466; 0; 160; 619,5; 619,5; 403,56; 403,56; 223,47; 223,47; 223,47; 0; 0; 18:42:56

1; 2; 19:09; 21:19; 00:00; 00:00; 00:00; ; ; ; 52,1739756; 20,9718466; 0; 160; 619,5; 619,5; 403,56; 403,56; 223,47; 223,47; 223,47; 0; 0; 18:42:59

1; 2; 19:09; 21:19; 00:00; 00:00; 00:00; ; ; ; 52,1739756; 20,9718466; 0; 160; 619,5; 619,5; 403,56; 403,56; 223,47; 223,47; 223,47; 0; 0; 18:43:02

1; 2; 19:09; 21:19; 00:00; 00:00; 00:00; ; ; ; 52,1739756; 20,9718466; 0; 160; 619,5; 619,5; 403,56; 403,56; 223,47; 223,47; 223,47; 0; 0; 18:43:05

1; 2; 19:09; 21:19; 00:00; 00:00; 00:00; ; ; ; 52,1739756; 20,9718466; 0; 160; 619,5; 619,5; 403,56; 403,56; 223,47; 223,47; 223,47; 0; 484; 18:43:08

1; 2; 19:09; 21:19; 00:00; 00:00; 00:00; ; ; ; 52,1739756; 20,9718466; 0; 160; 619,5; 619,5; 403,56; 403,56; 223,47; 223,47; 223,47; 0; 0; 18:43:11

1; 2; 19:09; 21:19; 00:00; 00:00; 00:00; ; ; ; 52,1739756; 20,9718466; 0; 160; 619,5; 619,5; 403,56; 403,56; 223,47; 223,47; 223,47; 0; 0; 18:43:14

1; 2; 19:09; 21:19; 00:00; 00:00; 00:00; ; ; ; 52,1739756; 20,9718466; 0; 160; 619,5; 619,5; 403,56; 403,56; 223,47; 223,47; 223,47; 0; 0; 18:43:17

1; 2; 19:09; 21:19; 00:00; 00:00; 00:00; ; ; ; 52,1739756; 20,9718466; 0; 160; 619,5; 619,5; 403,56; 403,56; 223,47; 223,47; 223,47; 0; 0; 18:43:20

1; 2; 19:09; 21:19; 00:00; 00:00; 00:00; ; ; ; 52,1739756; 20,9718466; 0; 160; 619,5; 619,5; 403,56; 403,56; 223,47; 223,47; 223,47; 0; 1482; 18:43:24

1; 2; 19:09; 21:19; 00:00; 00:00; 00:00; ; ; ; 52,1739756; 20,9718466; 0; 160; 619,5; 619,5; 403,56; 403,56; 223,47; 223,47; 223,47; 0; 0; 18:43:27

1; 2; 19:09; 21:19; 00:00; 00:00; 00:00; ; ; ; 52,1739756; 20,9718466; 0; 160; 619,5; 619,5; 403,56; 403,56; 223,47; 223,47; 223,47; 0; 0; 18:43:30

1; 2; 19:09; 21:19; 00:00; 00:00; 00:00; ; ; ; 52,1739756; 20,9718466; 0; 160; 619,5; 619,5; 403,56; 403,56; 223,47; 223,47; 223,47; 0; 0; 18:43:33

1; 2; 19:09; 21:19; 00:00; 00:00; 00:00; ; ; ; 52,1739756; 20,9718466; 0; 160; 619,5; 619,5; 403,56; 403,56; 223,47; 223,47; 223,47; 0; 0; 18:43:36

1; 2; 19:09; 21:19; 00:00; 00:00; 00:00; ; ; ; 52,1739756; 20,9718466; 0; 160; 619,5; 619,5; 403,56; 403,56; 223,47; 223,47; 223,47; 0; 592; 18:43:40

1; 2; 19:09; 21:19; 00:00; 00:00; 00:00; ; ; ; 52,1739756; 20,9718466; 0; 160; 619,5; 619,5; 403,56; 403,56; 223,47; 223,47; 223,47; 0; 0; 18:43:43

1; 2; 19:09; 21:19; 00:00; 00:00; 00:00; ; ; ; 52,1739756; 20,9718466; 0; 160; 619,5; 619,5; 403,56; 403,56; 223,47; 223,47; 223,47; 0; 0; 18:43:46

1; 2; 19:09; 21:19; 00:00; 00:00; 00:00; ; ; ; 52,1739756; 20,9718466; 0; 160; 619,5; 619,5; 403,56; 403,56; 223,47; 223,47; 223,47; 0; 0; 18:43:49

1; 2; 19:09; 21:19; 00:00; 00:00; 00:00; ; ; ; 52,1739756; 20,9718466; 0; 160; 619,5; 619,5; 403,56; 403,56; 223,47; 223,47; 223,47; 0; 15; 18:43:52

1; 2; 19:09; 21:19; 00:00; 00:00; 00:00; ; ; ; 52,1739756; 20,9718466; 0; 160; 619,5; 619,5; 403,56; 403,56; 223,47; 223,47; 223,47; 0; 609; 18:43:55

1; 2; 19:09; 21:19; 00:00; 00:00; 00:00; ; ; ; 52,1739756; 20,9718466; 0; 160; 619,5; 619,5; 403,56; 403,56; 223,47; 223,47; 223,47; 0; 15; 18:43:58

1; 2; 19:09; 21:19; 00:00; 00:00; 00:00; ; ; ; 52,1739756; 20,9718466; 0; 160; 619,5; 619,5; 403,56; 403,56; 223,47; 223,47; 223,47; 0; 0; 18:44:02

1; 2; 19:09; 21:19; 00:00; 00:00; 00:00; ; ; ; 52,1739756; 20,9718466; 0; 160; 619,5; 619,5; 403,56; 403,56; 223,47; 223,47; 223,47; 0; 0; 18:44:05

1; 2; 19:09; 21:19; 00:00; 00:00; 00:00; ; ; ; 52,1739756; 20,9718466; 0; 160; 619,5; 619,5; 403,56; 403,56; 223,47; 223,47; 223,47; 0; 0; 18:44:08

1; 2; 19:09; 21:19; 00:00; 00:00; 00:00; ; ; ; 52,1739756; 20,9718466; 0; 160; 619,5; 619,5; 403,56; 403,56; 223,47; 223,47; 223,47; 0; 577; 18:44:11

1; 2; 19:09; 21:19; 00:00; 00:00; 00:00; ; ; ; 52,1739756; 20,9718466; 0; 160; 619,5; 619,5; 403,56; 403,56; 223,47; 223,47; 223,47; 0; 0; 18:44:14

1; 2; 19:09; 21:19; 00:00; 00:00; 00:00; ; ; ; 52,1739756; 20,9718466; 0; 160; 619,5; 619,5; 403,56; 403,56; 223,47; 223,47; 223,47; 0; 0; 18:44:17

1; 2; 19:09; 21:19; 00:00; 00:00; 00:00; ; ; ; 52,1739756; 20,9718466; 0; 160; 619,5; 619,5; 403,56; 403,56; 223,47; 223,47; 223,47; 0; 0; 18:44:20

1; 2; 19:09; 21:19; 00:00; 00:00; 00:00; ; ; ; 52,1739756; 20,9718466; 0; 160; 619,5; 619,5; 403,56; 403,56; 223,47; 223,47; 223,47; 0; 0; 18:44:23

1; 2; 19:09; 21:19; 00:00; 00:00; 00:00; ; ; ; 52,1739756; 20,9718466; 0; 160; 619,5; 619,5; 403,56; 403,56; 223,47; 223,47; 223,47; 0; 811; 18:44:26

1; 2; 19:09; 21:19; 00:00; 00:00; 00:00; ; ; ; 52,1739756; 20,9718466; 0; 160; 619,5; 619,5; 403,56; 403,56; 223,47; 223,47; 223,47; 0; 0; 18:44:28

1; 2; 19:09; 21:19; 00:00; 00:00; 00:00; ; ; ; 52,1739756; 20,9718466; 0; 160; 619,5; 619,5; 403,56; 403,56; 223,47; 223,47; 223,47; 0; 0; 18:44:31

1; 2; 19:09; 21:19; 00:00; 00:00; 00:00; ; ; ; 52,1739756; 20,9718466; 0; 160; 619,5; 619,5; 403,56; 403,56; 223,47; 223,47; 223,47; 0; 0; 18:44:33

1; 2; 19:09; 21:19; 00:00; 00:00; 00:00; ; ; ; 52,1739756; 20,9718466; 0; 160; 619,5; 619,5; 403,56; 403,56; 223,47; 223,47; 223,47; 0; 0; 18:44:36

1; 2; 19:09; 21:19; 00:00; 00:00; 00:00; ; ; ; 52,1739756; 20,9718466; 0; 160; 619,5; 619,5; 403,56; 403,56; 223,47; 223,47; 223,47; 0; 2715; 18:44:41

1; 2; 19:09; 21:19; 00:00; 00:00; 00:00; ; ; ; 52,1739756; 20,9718466; 0; 160; 619,5; 619,5; 403,56; 403,56; 223,47; 223,47; 223,47; 0; 0; 18:44:43

1; 2; 19:09; 21:19; 00:00; 00:00; 00:00; ; ; ; 52,1739756; 20,9718466; 0; 160; 619,5; 619,5; 403,56; 403,56; 223,47; 223,47; 223,47; 0; 0; 18:44:45

1; 2; 19:09; 21:19; 00:00; 00:00; 00:00; ; ; ; 52,1739756; 20,9718466; 0; 160; 619,5; 619,5; 403,56; 403,56; 223,47; 223,47; 223,47; 0; 0; 18:44:48

1; 2; 19:09; 21:19; 00:00; 00:00; 00:00; ; ; ; 52,1739756; 20,9718466; 0; 160; 619,5; 619,5; 403,56; 403,56; 223,47; 223,47; 223,47; 0; 0; 18:44:50

1; 2; 19:09; 21:19; 00:00; 00:00; 00:00; ; ; ; 52,1739756; 20,9718466; 0; 160; 619,5; 619,5; 403,56; 403,56; 223,47; 223,47; 223,47; 0; 624; 18:44:53

1; 2; 19:09; 21:19; 00:00; 00:00; 00:00; ; ; ; 52,1739756; 20,9718466; 0; 160; 619,5; 619,5; 403,56; 403,56; 223,47; 223,47; 223,47; 0; 0; 18:44:55

1; 2; 19:09; 21:19; 00:00; 00:00; 00:00; ; ; ; 52,1739756; 20,9718466; 0; 160; 619,5; 619,5; 403,56; 403,56; 223,47; 223,47; 223,47; 0; 0; 18:44:58

1; 2; 19:09; 21:19; 00:00; 00:00; 00:00; ; ; ; 52,1739756; 20,9718466; 0; 160; 619,5; 619,5; 403,56; 403,56; 223,47; 223,47; 223,47; 0; 0; 18:45:00

1; 2; 19:09; 21:19; 00:00; 00:00; 00:00; ; ; ; 52,1739756; 20,9718466; 0; 160; 619,5; 619,5; 403,56; 403,56; 223,47; 223,47; 223,47; 0; 0; 18:45:03

1; 2; 19:09; 21:19; 00:00; 00:00; 00:00; ; ; ; 52,1739756; 20,9718466; 0; 160; 619,5; 619,5; 403,56; 403,56; 223,47; 223,47; 223,47; 0; 515; 18:45:06

1; 2; 19:09; 21:19; 00:00; 00:00; 00:00; ; ; ; 52,1739756; 20,9718466; 0; 160; 619,5; 619,5; 403,56; 403,56; 223,47; 223,47; 223,47; 0; 0; 18:45:08

1; 2; 19:09; 21:19; 00:00; 00:00; 00:00; ; ; ; 52,1739756; 20,9718466; 0; 160; 619,5; 619,5; 403,56; 403,56; 223,47; 223,47; 223,47; 0; 0; 18:45:10

1; 2; 19:09; 21:19; 00:00; 00:00; 00:00; ; ; ; 52,1739756; 20,9718466; 0; 160; 619,5; 619,5; 403,56; 403,56; 223,47; 223,47; 223,47; 0; 0; 18:45:13

1; 2; 19:09; 21:19; 00:00; 00:00; 00:00; ; ; ; 52,1739756; 20,9718466; 0; 160; 619,5; 619,5; 403,56; 403,56; 223,47; 223,47; 223,47; 0; 0; 18:45:15

1; 2; 19:09; 21:19; 00:00; 00:00; 00:00; ; ; ; 52,1739756; 20,9718466; 0; 160; 619,5; 619,5; 403,56; 403,56; 223,47; 223,47; 223,47; 0; 1653; 18:45:19

1; 2; 19:09; 21:19; 00:00; 00:00; 00:00; ; ; ; 52,1739756; 20,9718466; 0; 160; 619,5; 619,5; 403,56; 403,56; 223,47; 223,47; 223,47; 0; 0; 18:45:22

1; 2; 19:09; 21:19; 00:00; 00:00; 00:00; ; ; ; 52,1739756; 20,9718466; 0; 160; 619,5; 619,5; 403,56; 403,56; 223,47; 223,47; 223,47; 0; 0; 18:45:24

1; 2; 19:09; 21:19; 00:00; 00:00; 00:00; ; ; ; 52,1739756; 20,9718466; 0; 160; 619,5; 619,5; 403,56; 403,56; 223,47; 223,47; 223,47; 0; 0; 18:45:26

1; 2; 19:09; 21:19; 00:00; 00:00; 00:00; ; ; ; 52,1739756; 20,9718466; 0; 160; 619,5; 619,5; 403,56; 403,56; 223,47; 223,47; 223,47; 0; 0; 18:45:29

1; 2; 19:09; 21:19; 00:00; 00:00; 00:00; ; ; ; 52,1739756; 20,9718466; 0; 160; 619,5; 619,5; 403,56; 403,56; 223,47; 223,47; 223,47; 0; 1373; 18:45:33

1; 2; 19:09; 21:19; 00:00; 00:00; 00:00; ; ; ; 52,1739756; 20,9718466; 0; 160; 619,5; 619,5; 403,56; 403,56; 223,47; 223,47; 223,47; 0; 0; 18:45:35

1; 2; 19:09; 21:19; 00:00; 00:00; 00:00; ; ; ; 52,1739756; 20,9718466; 0; 160; 619,5; 619,5; 403,56; 403,56; 223,47; 223,47; 223,47; 0; 0; 18:45:37

1; 2; 19:09; 21:19; 00:00; 00:00; 00:00; ; ; ; 52,1739756; 20,9718466; 0; 160; 619,5; 619,5; 403,56; 403,56; 223,47; 223,47; 223,47; 0; 0; 18:45:40

1; 2; 19:09; 21:19; 00:00; 00:00; 00:00; ; ; ; 52,1739756; 20,9718466; 0; 160; 619,5; 619,5; 403,56; 403,56; 223,47; 223,47; 223,47; 0; 0; 18:45:42

1; 2; 19:09; 21:19; 00:00; 00:00; 00:00; ; ; ; 52,1739756; 20,9718466; 0; 160; 619,5; 619,5; 403,56; 403,56; 223,47; 223,47; 223,47; 0; 499; 18:45:45

1; 2; 19:09; 21:19; 00:00; 00:00; 00:00; ; ; ; 52,1739756; 20,9718466; 0; 160; 619,5; 619,5; 403,56; 403,56; 223,47; 223,47; 223,47; 0; 0; 18:45:47

1; 2; 19:09; 21:19; 00:00; 00:00; 00:00; ; ; ; 52,1739756; 20,9718466; 0; 160; 619,5; 619,5; 403,56; 403,56; 223,47; 223,47; 223,47; 0; 0; 18:45:49

1; 2; 19:09; 21:19; 00:00; 00:00; 00:00; ; ; ; 52,1739756; 20,9718466; 0; 160; 619,5; 619,5; 403,56; 403,56; 223,47; 223,47; 223,47; 0; 0; 18:45:52

1; 2; 19:09; 21:19; 00:00; 00:00; 00:00; ; ; ; 52,1739756; 20,9718466; 0; 160; 619,5; 619,5; 403,56; 403,56; 223,47; 223,47; 223,47; 0; 0; 18:45:54

1; 2; 19:09; 21:19; 00:00; 00:00; 00:00; ; ; ; 52,1739756; 20,9718466; 0; 160; 619,5; 619,5; 403,56; 403,56; 223,47; 223,47; 223,47; 0; 1295; 18:45:58

1; 2; 19:09; 21:19; 00:00; 00:00; 00:00; ; ; ; 52,1739756; 20,9718466; 0; 160; 619,5; 619,5; 403,56; 403,56; 223,47; 223,47; 223,47; 0; 0; 18:46:00

1; 2; 19:09; 21:19; 00:00; 00:00; 00:00; ; ; ; 52,1739756; 20,9718466; 0; 160; 619,5; 619,5; 403,56; 403,56; 223,47; 223,47; 223,47; 0; 0; 18:46:02

1; 2; 19:09; 21:19; 00:00; 00:00; 00:00; ; ; ; 52,1739756; 20,9718466; 0; 160; 619,5; 619,5; 403,56; 403,56; 223,47; 223,47; 223,47; 0; 0; 18:46:05

1; 2; 19:09; 21:19; 00:00; 00:00; 00:00; ; ; ; 52,1739756; 20,9718466; 0; 160; 619,5; 619,5; 403,56; 403,56; 223,47; 223,47; 223,47; 0; 0; 18:46:07

1; 2; 19:09; 21:19; 00:00; 00:00; 00:00; ; ; ; 52,1739756; 20,9718466; 0; 160; 619,5; 619,5; 403,56; 403,56; 223,47; 223,47; 223,47; 0; 1451; 18:46:11

1; 2; 19:09; 21:19; 00:00; 00:00; 00:00; ; ; ; 52,1739756; 20,9718466; 0; 160; 619,5; 619,5; 403,56; 403,56; 223,47; 223,47; 223,47; 0; 0; 18:46:13

1; 2; 19:09; 21:19; 00:00; 00:00; 00:00; ; ; ; 52,1739756; 20,9718466; 0; 160; 619,5; 619,5; 403,56; 403,56; 223,47; 223,47; 223,47; 0; 15; 18:46:16

1; 2; 19:09; 21:19; 00:00; 00:00; 00:00; ; ; ; 52,1739756; 20,9718466; 0; 160; 619,5; 619,5; 403,56; 403,56; 223,47; 223,47; 223,47; 0; 0; 18:46:18

1; 2; 19:09; 21:19; 00:00; 00:00; 00:00; ; ; ; 52,1739756; 20,9718466; 0; 160; 619,5; 619,5; 403,56; 403,56; 223,47; 223,47; 223,47; 0; 0; 18:46:20

1; 2; 19:09; 21:19; 00:00; 00:00; 00:00; ; ; ; 52,1739756; 20,9718466; 0; 160; 619,5; 619,5; 403,56; 403,56; 223,47; 223,47; 223,47; 0; 1529; 18:46:24

1; 2; 19:09; 21:19; 00:00; 00:00; 00:00; ; ; ; 52,1739756; 20,9718466; 0; 160; 619,5; 619,5; 403,56; 403,56; 223,47; 223,47; 223,47; 0; 0; 18:46:27

1; 2; 19:09; 21:19; 00:00; 00:00; 00:00; ; ; ; 52,1739756; 20,9718466; 0; 160; 619,5; 619,5; 403,56; 403,56; 223,47; 223,47; 223,47; 0; 0; 18:46:29

1; 2; 19:09; 21:19; 00:00; 00:00; 00:00; ; ; ; 52,1739756; 20,9718466; 0; 160; 619,5; 619,5; 403,56; 403,56; 223,47; 223,47; 223,47; 0; 0; 18:46:31

1; 2; 19:09; 21:19; 00:00; 00:00; 00:00; ; ; ; 52,1739756; 20,9718466; 0; 160; 619,5; 619,5; 403,56; 403,56; 223,47; 223,47; 223,47; 0; 0; 18:46:34

1; 2; 19:09; 21:19; 00:00; 00:00; 00:00; ; ; ; 52,1739778; 20,9712593; 0; 225; 619,5; 612,19; 403,56; 405,07; 223,47; 206,47; 206,47; 0; 796; 18:46:37

1; 2; 19:09; 21:19; 00:00; 00:00; 00:00; ; ; ; 52,1739778; 20,9712593; 0; 225; 612,19; 612,19; 405,07; 405,07; 206,47; 206,47; 206,47; 0; 0; 18:46:40

1; 2; 19:09; 21:19; 00:00; 00:00; 00:00; ; ; ; 52,1739778; 20,9712593; 0; 225; 612,19; 612,19; 405,07; 405,07; 206,47; 206,47; 206,47; 0; 0; 18:46:42

1; 2; 19:09; 21:19; 00:00; 00:00; 00:00; ; ; ; 52,1739778; 20,9712593; 0; 225; 612,19; 612,19; 405,07; 405,07; 206,47; 206,47; 206,47; 0; 0; 18:46:44

1; 2; 19:09; 21:19; 00:00; 00:00; 00:00; ; ; ; 52,1740451; 20,9691652; 0; 136; 612,19; 613,91; 405,07; 447,21; 206,47; 212,94; 212,94; 0; 0; 18:46:47

1; 2; 19:09; 21:19; 00:00; 00:00; 00:00; ; ; ; 52,1740451; 20,9691652; 0; 136; 613,91; 613,91; 447,21; 447,21; 212,94; 212,94; 212,94; 0; 1731; 18:46:51
