
Operation; Operation Status; Created; Accepted; Start Load; Start Drive; Start Unload; End Operation; Start Latitude; Start Longitude; Current Latitude; Current Longitude; Speed; Accuracy; Old Distance to Target; Distance to Target; Old Distance to Shengen; Distance to Shengen; Old Distance to NonShengen; Distance to NonShengen; Predicted Distance; Alert Nb; Loop Time; Measurement Time

2; 1; 18:22; 00:00; 00:00; 00:00; 00:00; ; ; ; 52,191232; 21,0157568; 0; 6905; 0; 0; 0; 0; 0; 0; 0; 0; 8000; 04:34:37

2; 1; 18:22; 00:00; 00:00; 00:00; 00:00; ; ; ; 52,191232; 21,0157568; 0; 6905; 0; 0; 0; 0; 0; 0; 0; 0; 0; 04:34:40

2; 2; 18:22; 00:00; 00:00; 00:00; 00:00; ; ; ; 52,191232; 21,0157568; 0; 6905; 0; 3706,33; 0; 3797,79; 0; 3759,23; 3759,23; 0; 15; 04:34:42

2; 2; 18:22; 00:00; 00:00; 00:00; 00:00; ; ; ; 52,191232; 21,0157568; 0; 6905; 3706,33; 3706,33; 3797,79; 3797,79; 3759,23; 3759,23; 3706,33; 0; 0; 04:34:44

2; 2; 18:22; 00:00; 00:00; 00:00; 00:00; ; ; ; 52,191232; 21,0157568; 0; 6905; 3706,33; 3706,33; 3797,79; 3797,79; 3759,23; 3759,23; 3706,33; 0; 0; 04:34:46

2; 2; 18:22; 00:00; 00:00; 00:00; 00:00; ; ; ; 52,191232; 21,0157568; 0; 6905; 3706,33; 3706,33; 3797,79; 3797,79; 3759,23; 3759,23; 3706,33; 0; 0; 04:34:49

2; 2; 18:22; 00:00; 00:00; 00:00; 00:00; ; ; ; 52,191232; 21,0157568; 0; 6905; 3706,33; 3706,33; 3797,79; 3797,79; 3759,23; 3759,23; 3706,33; 0; 0; 04:34:51

2; 2; 18:22; 00:00; 00:00; 00:00; 00:00; ; ; ; 52,191232; 21,0157568; 0; 6905; 3706,33; 3706,33; 3797,79; 3797,79; 3759,23; 3759,23; 3706,33; 0; 0; 04:34:53

2; 2; 18:22; 00:00; 00:00; 00:00; 00:00; ; ; ; 52,191232; 21,0157568; 0; 6905; 3706,33; 3706,33; 3797,79; 3797,79; 3759,23; 3759,23; 3706,33; 0; 0; 04:34:55

2; 2; 18:22; 00:00; 00:00; 00:00; 00:00; ; ; ; 52,191232; 21,0157568; 0; 6905; 3706,33; 3706,33; 3797,79; 3797,79; 3759,23; 3759,23; 3706,33; 0; 0; 04:34:57

2; 2; 18:22; 04:34; 00:00; 00:00; 00:00; ; ; ; 52,191232; 21,0157568; 0; 6905; 3706,33; 3706,33; 3797,79; 3797,79; 3759,23; 3759,23; 3706,33; 0; 125; 04:34:59

2; 2; 18:22; 04:34; 00:00; 00:00; 00:00; ; ; ; 52,191232; 21,0157568; 0; 6905; 3706,33; 3706,33; 3797,79; 3797,79; 3759,23; 3759,23; 3706,33; 0; 0; 04:35:01

2; 2; 18:22; 04:34; 00:00; 00:00; 00:00; ; ; ; 52,191232; 21,0157568; 0; 6905; 3706,33; 3706,33; 3797,79; 3797,79; 3759,23; 3759,23; 3706,33; 0; 0; 04:35:03

2; 2; 18:22; 04:34; 00:00; 00:00; 00:00; ; ; ; 52,191232; 21,0157568; 0; 6905; 3706,33; 3706,33; 3797,79; 3797,79; 3759,23; 3759,23; 3706,33; 0; 0; 04:35:05

2; 2; 18:22; 04:34; 00:00; 00:00; 00:00; ; ; ; 52,191232; 21,0157568; 0; 6905; 3706,33; 3706,33; 3797,79; 3797,79; 3759,23; 3759,23; 3706,33; 0; 0; 04:35:07

2; 2; 18:22; 04:34; 00:00; 00:00; 00:00; ; ; ; 52,191232; 21,0157568; 0; 6905; 3706,33; 3706,33; 3797,79; 3797,79; 3759,23; 3759,23; 3706,33; 0; 0; 04:35:09

2; 2; 18:22; 04:34; 00:00; 00:00; 00:00; ; ; ; 52,191232; 21,0157568; 0; 6905; 3706,33; 3706,33; 3797,79; 3797,79; 3759,23; 3759,23; 3706,33; 0; 0; 04:35:11

2; 2; 18:22; 04:34; 00:00; 00:00; 00:00; ; ; ; 52,191232; 21,0157568; 0; 6905; 3706,33; 3706,33; 3797,79; 3797,79; 3759,23; 3759,23; 3706,33; 0; 0; 04:35:13

2; 2; 18:22; 04:34; 00:00; 00:00; 00:00; ; ; ; 52,191232; 21,0157568; 0; 6905; 3706,33; 3706,33; 3797,79; 3797,79; 3759,23; 3759,23; 3706,33; 0; 0; 04:35:15

2; 2; 18:22; 04:34; 00:00; 00:00; 00:00; ; ; ; 52,191232; 21,0157568; 0; 6905; 3706,33; 3706,33; 3797,79; 3797,79; 3759,23; 3759,23; 3706,33; 0; 0; 04:35:18

2; 2; 18:22; 04:34; 00:00; 00:00; 00:00; ; ; ; 52,191232; 21,0157568; 0; 6905; 3706,33; 3706,33; 3797,79; 3797,79; 3759,23; 3759,23; 3706,33; 0; 140; 04:35:20

2; 2; 18:22; 04:34; 00:00; 00:00; 00:00; ; ; ; 52,191232; 21,0157568; 0; 6905; 3706,33; 3706,33; 3797,79; 3797,79; 3759,23; 3759,23; 3706,33; 0; 0; 04:35:22

2; 2; 18:22; 04:34; 00:00; 00:00; 00:00; ; ; ; 52,191232; 21,0157568; 0; 6905; 3706,33; 3706,33; 3797,79; 3797,79; 3759,23; 3759,23; 3706,33; 0; 0; 04:35:24

2; 2; 18:22; 04:34; 00:00; 00:00; 00:00; ; ; ; 52,191232; 21,0157568; 0; 6905; 3706,33; 3706,33; 3797,79; 3797,79; 3759,23; 3759,23; 3706,33; 0; 0; 04:35:26

2; 2; 18:22; 04:34; 00:00; 00:00; 00:00; ; ; ; 52,191232; 21,0157568; 0; 6905; 3706,33; 3706,33; 3797,79; 3797,79; 3759,23; 3759,23; 3706,33; 0; 0; 04:35:28

2; 2; 18:22; 04:34; 00:00; 00:00; 00:00; ; ; ; 52,191232; 21,0157568; 0; 6905; 3706,33; 3706,33; 3797,79; 3797,79; 3759,23; 3759,23; 3706,33; 0; 0; 04:35:30

2; 2; 18:22; 04:34; 00:00; 00:00; 00:00; ; ; ; 52,191232; 21,0157568; 0; 6905; 3706,33; 3706,33; 3797,79; 3797,79; 3759,23; 3759,23; 3706,33; 0; 0; 04:35:32

2; 2; 18:22; 04:34; 00:00; 00:00; 00:00; ; ; ; 52,191232; 21,0157568; 0; 6905; 3706,33; 3706,33; 3797,79; 3797,79; 3759,23; 3759,23; 3706,33; 0; 0; 04:35:34

2; 2; 18:22; 04:34; 00:00; 00:00; 00:00; ; ; ; 52,191232; 21,0157568; 0; 6905; 3706,33; 3706,33; 3797,79; 3797,79; 3759,23; 3759,23; 3706,33; 0; 0; 04:35:36

2; 2; 18:22; 04:34; 00:00; 00:00; 00:00; ; ; ; 52,191232; 21,0157568; 0; 6905; 3706,33; 3706,33; 3797,79; 3797,79; 3759,23; 3759,23; 3706,33; 0; 0; 04:35:38

2; 2; 18:22; 04:34; 00:00; 00:00; 00:00; ; ; ; 52,191232; 21,0157568; 0; 6905; 3706,33; 3706,33; 3797,79; 3797,79; 3759,23; 3759,23; 3706,33; 0; 141; 04:35:40

2; 2; 18:22; 04:34; 00:00; 00:00; 00:00; ; ; ; 52,191232; 21,0157568; 0; 6905; 3706,33; 3706,33; 3797,79; 3797,79; 3759,23; 3759,23; 3706,33; 0; 0; 04:35:43

2; 2; 18:22; 04:34; 00:00; 00:00; 00:00; ; ; ; 52,191232; 21,0157568; 0; 6905; 3706,33; 3706,33; 3797,79; 3797,79; 3759,23; 3759,23; 3706,33; 0; 0; 04:35:45

2; 2; 18:22; 04:34; 00:00; 00:00; 00:00; ; ; ; 52,191232; 21,0157568; 0; 6905; 3706,33; 3706,33; 3797,79; 3797,79; 3759,23; 3759,23; 3706,33; 0; 0; 04:35:47

2; 2; 18:22; 04:34; 00:00; 00:00; 00:00; ; ; ; 52,191232; 21,0157568; 0; 6905; 3706,33; 3706,33; 3797,79; 3797,79; 3759,23; 3759,23; 3706,33; 0; 0; 04:35:49

2; 2; 18:22; 04:34; 00:00; 00:00; 00:00; ; ; ; 52,191232; 21,0157568; 0; 6905; 3706,33; 3706,33; 3797,79; 3797,79; 3759,23; 3759,23; 3706,33; 0; 0; 04:35:51

2; 2; 18:22; 04:34; 00:00; 00:00; 00:00; ; ; ; 52,191232; 21,0157568; 0; 6905; 3706,33; 3706,33; 3797,79; 3797,79; 3759,23; 3759,23; 3706,33; 0; 0; 04:35:53

2; 2; 18:22; 04:34; 00:00; 00:00; 00:00; ; ; ; 52,191232; 21,0157568; 0; 6905; 3706,33; 3706,33; 3797,79; 3797,79; 3759,23; 3759,23; 3706,33; 0; 0; 04:35:55

2; 2; 18:22; 04:34; 00:00; 00:00; 00:00; ; ; ; 52,191232; 21,0157568; 0; 6905; 3706,33; 3706,33; 3797,79; 3797,79; 3759,23; 3759,23; 3706,33; 0; 0; 04:35:57

2; 2; 18:22; 04:34; 00:00; 00:00; 00:00; ; ; ; 52,191232; 21,0157568; 0; 6905; 3706,33; 3706,33; 3797,79; 3797,79; 3759,23; 3759,23; 3706,33; 0; 0; 04:35:59

2; 2; 18:22; 04:34; 00:00; 00:00; 00:00; ; ; ; 52,191232; 21,0157568; 0; 6905; 3706,33; 3706,33; 3797,79; 3797,79; 3759,23; 3759,23; 3706,33; 0; 125; 04:36:01

2; 2; 18:22; 04:34; 00:00; 00:00; 00:00; ; ; ; 52,191232; 21,0157568; 0; 6905; 3706,33; 3706,33; 3797,79; 3797,79; 3759,23; 3759,23; 3706,33; 0; 0; 04:36:03

2; 2; 18:22; 04:34; 00:00; 00:00; 00:00; ; ; ; 52,191232; 21,0157568; 0; 6905; 3706,33; 3706,33; 3797,79; 3797,79; 3759,23; 3759,23; 3706,33; 0; 0; 04:36:05

2; 2; 18:22; 04:34; 00:00; 00:00; 00:00; ; ; ; 52,191232; 21,0157568; 0; 6905; 3706,33; 3706,33; 3797,79; 3797,79; 3759,23; 3759,23; 3706,33; 0; 0; 04:36:07

2; 2; 18:22; 04:34; 00:00; 00:00; 00:00; ; ; ; 52,191232; 21,0157568; 0; 6905; 3706,33; 3706,33; 3797,79; 3797,79; 3759,23; 3759,23; 3706,33; 0; 0; 04:36:09

2; 2; 18:22; 04:34; 00:00; 00:00; 00:00; ; ; ; 52,191232; 21,0157568; 0; 6905; 3706,33; 3706,33; 3797,79; 3797,79; 3759,23; 3759,23; 3706,33; 0; 0; 04:36:11

2; 2; 18:22; 04:34; 00:00; 00:00; 00:00; ; ; ; 52,191232; 21,0157568; 0; 6905; 3706,33; 3706,33; 3797,79; 3797,79; 3759,23; 3759,23; 3706,33; 0; 0; 04:36:13

2; 2; 18:22; 04:34; 00:00; 00:00; 00:00; ; ; ; 52,191232; 21,0157568; 0; 6905; 3706,33; 3706,33; 3797,79; 3797,79; 3759,23; 3759,23; 3706,33; 0; 0; 04:36:16

2; 2; 18:22; 04:34; 00:00; 00:00; 00:00; ; ; ; 52,191232; 21,0157568; 0; 6905; 3706,33; 3706,33; 3797,79; 3797,79; 3759,23; 3759,23; 3706,33; 0; 0; 04:36:18

2; 2; 18:22; 04:34; 00:00; 00:00; 00:00; ; ; ; 52,191232; 21,0157568; 0; 6905; 3706,33; 3706,33; 3797,79; 3797,79; 3759,23; 3759,23; 3706,33; 0; 0; 04:36:20

2; 2; 18:22; 04:34; 00:00; 00:00; 00:00; ; ; ; 52,191232; 21,0157568; 0; 6905; 3706,33; 3706,33; 3797,79; 3797,79; 3759,23; 3759,23; 3706,33; 0; 140; 04:36:22

2; 2; 18:22; 04:34; 00:00; 00:00; 00:00; ; ; ; 52,191232; 21,0157568; 0; 6905; 3706,33; 3706,33; 3797,79; 3797,79; 3759,23; 3759,23; 3706,33; 0; 0; 04:36:24

2; 2; 18:22; 04:34; 00:00; 00:00; 00:00; ; ; ; 52,191232; 21,0157568; 0; 6905; 3706,33; 3706,33; 3797,79; 3797,79; 3759,23; 3759,23; 3706,33; 0; 0; 04:36:26

2; 2; 18:22; 04:34; 00:00; 00:00; 00:00; ; ; ; 52,191232; 21,0157568; 0; 6905; 3706,33; 3706,33; 3797,79; 3797,79; 3759,23; 3759,23; 3706,33; 0; 0; 04:36:28

2; 2; 18:22; 04:34; 00:00; 00:00; 00:00; ; ; ; 52,191232; 21,0157568; 0; 6905; 3706,33; 3706,33; 3797,79; 3797,79; 3759,23; 3759,23; 3706,33; 0; 0; 04:36:30

2; 2; 18:22; 04:34; 00:00; 00:00; 00:00; ; ; ; 52,191232; 21,0157568; 0; 6905; 3706,33; 3706,33; 3797,79; 3797,79; 3759,23; 3759,23; 3706,33; 0; 0; 04:36:32

2; 2; 18:22; 04:34; 00:00; 00:00; 00:00; ; ; ; 52,191232; 21,0157568; 0; 6905; 3706,33; 3706,33; 3797,79; 3797,79; 3759,23; 3759,23; 3706,33; 0; 0; 04:36:34

2; 2; 18:22; 04:34; 00:00; 00:00; 00:00; ; ; ; 52,191232; 21,0157568; 0; 6905; 3706,33; 3706,33; 3797,79; 3797,79; 3759,23; 3759,23; 3706,33; 0; 0; 04:36:36

2; 2; 18:22; 04:34; 00:00; 00:00; 00:00; ; ; ; 52,191232; 21,0157568; 0; 6905; 3706,33; 3706,33; 3797,79; 3797,79; 3759,23; 3759,23; 3706,33; 0; 0; 04:36:38

2; 2; 18:22; 04:34; 00:00; 00:00; 00:00; ; ; ; 52,191232; 21,0157568; 0; 6905; 3706,33; 3706,33; 3797,79; 3797,79; 3759,23; 3759,23; 3706,33; 0; 0; 04:36:40

2; 2; 18:22; 04:34; 00:00; 00:00; 00:00; ; ; ; 52,191232; 21,0157568; 0; 6905; 3706,33; 3706,33; 3797,79; 3797,79; 3759,23; 3759,23; 3706,33; 0; 140; 04:36:43

2; 2; 18:22; 04:34; 00:00; 00:00; 00:00; ; ; ; 52,191232; 21,0157568; 0; 6905; 3706,33; 3706,33; 3797,79; 3797,79; 3759,23; 3759,23; 3706,33; 0; 0; 04:36:45

2; 2; 18:22; 04:34; 00:00; 00:00; 00:00; ; ; ; 52,191232; 21,0157568; 0; 6905; 3706,33; 3706,33; 3797,79; 3797,79; 3759,23; 3759,23; 3706,33; 0; 0; 04:36:47

2; 2; 18:22; 04:34; 00:00; 00:00; 00:00; ; ; ; 52,191232; 21,0157568; 0; 6905; 3706,33; 3706,33; 3797,79; 3797,79; 3759,23; 3759,23; 3706,33; 0; 0; 04:36:49

2; 2; 18:22; 04:34; 00:00; 00:00; 00:00; ; ; ; 52,191232; 21,0157568; 0; 6905; 3706,33; 3706,33; 3797,79; 3797,79; 3759,23; 3759,23; 3706,33; 0; 0; 04:36:51

2; 2; 18:22; 04:34; 00:00; 00:00; 00:00; ; ; ; 52,191232; 21,0157568; 0; 6905; 3706,33; 3706,33; 3797,79; 3797,79; 3759,23; 3759,23; 3706,33; 0; 0; 04:36:53

2; 2; 18:22; 04:34; 00:00; 00:00; 00:00; ; ; ; 52,191232; 21,0157568; 0; 6905; 3706,33; 3706,33; 3797,79; 3797,79; 3759,23; 3759,23; 3706,33; 0; 0; 04:36:55

2; 2; 18:22; 04:34; 00:00; 00:00; 00:00; ; ; ; 52,191232; 21,0157568; 0; 6905; 3706,33; 3706,33; 3797,79; 3797,79; 3759,23; 3759,23; 3706,33; 0; 0; 04:36:57

2; 2; 18:22; 04:34; 00:00; 00:00; 00:00; ; ; ; 52,191232; 21,0157568; 0; 6905; 3706,33; 3706,33; 3797,79; 3797,79; 3759,23; 3759,23; 3706,33; 0; 0; 04:36:59

2; 2; 18:22; 04:34; 00:00; 00:00; 00:00; ; ; ; 52,191232; 21,0157568; 0; 6905; 3706,33; 3706,33; 3797,79; 3797,79; 3759,23; 3759,23; 3706,33; 0; 0; 04:37:01

2; 2; 18:22; 04:34; 00:00; 00:00; 00:00; ; ; ; 52,191232; 21,0157568; 0; 6905; 3706,33; 3706,33; 3797,79; 3797,79; 3759,23; 3759,23; 3706,33; 0; 125; 04:37:03

2; 2; 18:22; 04:34; 00:00; 00:00; 00:00; ; ; ; 52,191232; 21,0157568; 0; 6905; 3706,33; 3706,33; 3797,79; 3797,79; 3759,23; 3759,23; 3706,33; 0; 0; 04:37:05

2; 2; 18:22; 04:34; 00:00; 00:00; 00:00; ; ; ; 52,191232; 21,0157568; 0; 6905; 3706,33; 3706,33; 3797,79; 3797,79; 3759,23; 3759,23; 3706,33; 0; 0; 04:37:08

2; 2; 18:22; 04:34; 00:00; 00:00; 00:00; ; ; ; 52,191232; 21,0157568; 0; 6905; 3706,33; 3706,33; 3797,79; 3797,79; 3759,23; 3759,23; 3706,33; 0; 0; 04:37:10

2; 2; 18:22; 04:34; 00:00; 00:00; 00:00; ; ; ; 52,191232; 21,0157568; 0; 6905; 3706,33; 3706,33; 3797,79; 3797,79; 3759,23; 3759,23; 3706,33; 0; 0; 04:37:12

2; 2; 18:22; 04:34; 00:00; 00:00; 00:00; ; ; ; 52,191232; 21,0157568; 0; 6905; 3706,33; 3706,33; 3797,79; 3797,79; 3759,23; 3759,23; 3706,33; 0; 0; 04:37:14

2; 2; 18:22; 04:34; 00:00; 00:00; 00:00; ; ; ; 52,191232; 21,0157568; 0; 6905; 3706,33; 3706,33; 3797,79; 3797,79; 3759,23; 3759,23; 3706,33; 0; 0; 04:37:16

2; 2; 18:22; 04:34; 00:00; 00:00; 00:00; ; ; ; 52,191232; 21,0157568; 0; 6905; 3706,33; 3706,33; 3797,79; 3797,79; 3759,23; 3759,23; 3706,33; 0; 0; 04:37:18

2; 2; 18:22; 04:34; 00:00; 00:00; 00:00; ; ; ; 52,191232; 21,0157568; 0; 6905; 3706,33; 3706,33; 3797,79; 3797,79; 3759,23; 3759,23; 3706,33; 0; 0; 04:37:20

2; 2; 18:22; 04:34; 00:00; 00:00; 00:00; ; ; ; 52,191232; 21,0157568; 0; 6905; 3706,33; 3706,33; 3797,79; 3797,79; 3759,23; 3759,23; 3706,33; 0; 0; 04:37:22

2; 2; 18:22; 04:34; 00:00; 00:00; 00:00; ; ; ; 52,191232; 21,0157568; 0; 6905; 3706,33; 3706,33; 3797,79; 3797,79; 3759,23; 3759,23; 3706,33; 0; 140; 04:37:24

2; 2; 18:22; 04:34; 00:00; 00:00; 00:00; ; ; ; 52,191232; 21,0157568; 0; 6905; 3706,33; 3706,33; 3797,79; 3797,79; 3759,23; 3759,23; 3706,33; 0; 0; 04:37:26

2; 2; 18:22; 04:34; 00:00; 00:00; 00:00; ; ; ; 52,191232; 21,0157568; 0; 6905; 3706,33; 3706,33; 3797,79; 3797,79; 3759,23; 3759,23; 3706,33; 0; 0; 04:37:28

2; 2; 18:22; 04:34; 00:00; 00:00; 00:00; ; ; ; 52,191232; 21,0157568; 0; 6905; 3706,33; 3706,33; 3797,79; 3797,79; 3759,23; 3759,23; 3706,33; 0; 0; 04:37:30

2; 2; 18:22; 04:34; 00:00; 00:00; 00:00; ; ; ; 52,191232; 21,0157568; 0; 6905; 3706,33; 3706,33; 3797,79; 3797,79; 3759,23; 3759,23; 3706,33; 0; 0; 04:37:32

2; 2; 18:22; 04:34; 00:00; 00:00; 00:00; ; ; ; 52,191232; 21,0157568; 0; 6905; 3706,33; 3706,33; 3797,79; 3797,79; 3759,23; 3759,23; 3706,33; 0; 0; 04:37:34

2; 2; 18:22; 04:34; 00:00; 00:00; 00:00; ; ; ; 52,191232; 21,0157568; 0; 6905; 3706,33; 3706,33; 3797,79; 3797,79; 3759,23; 3759,23; 3706,33; 0; 0; 04:37:36

2; 2; 18:22; 04:34; 00:00; 00:00; 00:00; ; ; ; 52,191232; 21,0157568; 0; 6905; 3706,33; 3706,33; 3797,79; 3797,79; 3759,23; 3759,23; 3706,33; 0; 0; 04:37:39

2; 2; 18:22; 04:34; 00:00; 00:00; 00:00; ; ; ; 52,191232; 21,0157568; 0; 6905; 3706,33; 3706,33; 3797,79; 3797,79; 3759,23; 3759,23; 3706,33; 0; 0; 04:37:41

2; 2; 18:22; 04:34; 00:00; 00:00; 00:00; ; ; ; 52,191232; 21,0157568; 0; 6905; 3706,33; 3706,33; 3797,79; 3797,79; 3759,23; 3759,23; 3706,33; 0; 0; 04:37:43

2; 2; 18:22; 04:34; 00:00; 00:00; 00:00; ; ; ; 52,191232; 21,0157568; 0; 6905; 3706,33; 3706,33; 3797,79; 3797,79; 3759,23; 3759,23; 3706,33; 0; 156; 04:37:45

2; 2; 18:22; 04:34; 00:00; 00:00; 00:00; ; ; ; 52,191232; 21,0157568; 0; 6905; 3706,33; 3706,33; 3797,79; 3797,79; 3759,23; 3759,23; 3706,33; 0; 0; 04:37:47

2; 2; 18:22; 04:34; 00:00; 00:00; 00:00; ; ; ; 52,191232; 21,0157568; 0; 6905; 3706,33; 3706,33; 3797,79; 3797,79; 3759,23; 3759,23; 3706,33; 0; 0; 04:37:49

2; 2; 18:22; 04:34; 00:00; 00:00; 00:00; ; ; ; 52,191232; 21,0157568; 0; 6905; 3706,33; 3706,33; 3797,79; 3797,79; 3759,23; 3759,23; 3706,33; 0; 0; 04:37:51

2; 2; 18:22; 04:34; 00:00; 00:00; 00:00; ; ; ; 52,191232; 21,0157568; 0; 6905; 3706,33; 3706,33; 3797,79; 3797,79; 3759,23; 3759,23; 3706,33; 0; 0; 04:37:53

2; 2; 18:22; 04:34; 00:00; 00:00; 00:00; ; ; ; 52,191232; 21,0157568; 0; 6905; 3706,33; 3706,33; 3797,79; 3797,79; 3759,23; 3759,23; 3706,33; 0; 0; 04:37:55

2; 2; 18:22; 04:34; 00:00; 00:00; 00:00; ; ; ; 52,191232; 21,0157568; 0; 6905; 3706,33; 3706,33; 3797,79; 3797,79; 3759,23; 3759,23; 3706,33; 0; 0; 04:37:57

2; 2; 18:22; 04:34; 00:00; 00:00; 00:00; ; ; ; 52,191232; 21,0157568; 0; 6905; 3706,33; 3706,33; 3797,79; 3797,79; 3759,23; 3759,23; 3706,33; 0; 0; 04:37:59

2; 2; 18:22; 04:34; 00:00; 00:00; 00:00; ; ; ; 52,191232; 21,0157568; 0; 6905; 3706,33; 3706,33; 3797,79; 3797,79; 3759,23; 3759,23; 3706,33; 0; 0; 04:38:01

2; 2; 18:22; 04:34; 00:00; 00:00; 00:00; ; ; ; 52,191232; 21,0157568; 0; 6905; 3706,33; 3706,33; 3797,79; 3797,79; 3759,23; 3759,23; 3706,33; 0; 0; 04:38:03

2; 2; 18:22; 04:34; 00:00; 00:00; 00:00; ; ; ; 52,191232; 21,0157568; 0; 6905; 3706,33; 3706,33; 3797,79; 3797,79; 3759,23; 3759,23; 3706,33; 0; 125; 04:38:06

2; 2; 18:22; 04:34; 00:00; 00:00; 00:00; ; ; ; 52,191232; 21,0157568; 0; 6905; 3706,33; 3706,33; 3797,79; 3797,79; 3759,23; 3759,23; 3706,33; 0; 0; 04:38:08

2; 2; 18:22; 04:34; 00:00; 00:00; 00:00; ; ; ; 52,191232; 21,0157568; 0; 6905; 3706,33; 3706,33; 3797,79; 3797,79; 3759,23; 3759,23; 3706,33; 0; 0; 04:38:10

2; 2; 18:22; 04:34; 00:00; 00:00; 00:00; ; ; ; 52,191232; 21,0157568; 0; 6905; 3706,33; 3706,33; 3797,79; 3797,79; 3759,23; 3759,23; 3706,33; 0; 0; 04:38:12

2; 2; 18:22; 04:34; 00:00; 00:00; 00:00; ; ; ; 52,191232; 21,0157568; 0; 6905; 3706,33; 3706,33; 3797,79; 3797,79; 3759,23; 3759,23; 3706,33; 0; 0; 04:38:14

2; 2; 18:22; 04:34; 00:00; 00:00; 00:00; ; ; ; 52,191232; 21,0157568; 0; 6905; 3706,33; 3706,33; 3797,79; 3797,79; 3759,23; 3759,23; 3706,33; 0; 0; 04:38:16

2; 2; 18:22; 04:34; 00:00; 00:00; 00:00; ; ; ; 52,191232; 21,0157568; 0; 6905; 3706,33; 3706,33; 3797,79; 3797,79; 3759,23; 3759,23; 3706,33; 0; 0; 04:38:18

2; 2; 18:22; 04:34; 00:00; 00:00; 00:00; ; ; ; 52,191232; 21,0157568; 0; 6905; 3706,33; 3706,33; 3797,79; 3797,79; 3759,23; 3759,23; 3706,33; 0; 0; 04:38:20

2; 2; 18:22; 04:34; 00:00; 00:00; 00:00; ; ; ; 52,191232; 21,0157568; 0; 6905; 3706,33; 3706,33; 3797,79; 3797,79; 3759,23; 3759,23; 3706,33; 0; 0; 04:38:22

2; 2; 18:22; 04:34; 00:00; 00:00; 00:00; ; ; ; 52,191232; 21,0157568; 0; 6905; 3706,33; 3706,33; 3797,79; 3797,79; 3759,23; 3759,23; 3706,33; 0; 0; 04:38:24

2; 2; 18:22; 04:34; 00:00; 00:00; 00:00; ; ; ; 52,191232; 21,0157568; 0; 6905; 3706,33; 3706,33; 3797,79; 3797,79; 3759,23; 3759,23; 3706,33; 0; 156; 04:38:26

2; 2; 18:22; 04:34; 00:00; 00:00; 00:00; ; ; ; 52,191232; 21,0157568; 0; 6905; 3706,33; 3706,33; 3797,79; 3797,79; 3759,23; 3759,23; 3706,33; 0; 0; 04:38:29

2; 2; 18:22; 04:34; 00:00; 00:00; 00:00; ; ; ; 52,191232; 21,0157568; 0; 6905; 3706,33; 3706,33; 3797,79; 3797,79; 3759,23; 3759,23; 3706,33; 0; 0; 04:38:31

2; 2; 18:22; 04:34; 00:00; 00:00; 00:00; ; ; ; 52,191232; 21,0157568; 0; 6905; 3706,33; 3706,33; 3797,79; 3797,79; 3759,23; 3759,23; 3706,33; 0; 0; 04:38:33

2; 2; 18:22; 04:34; 00:00; 00:00; 00:00; ; ; ; 52,191232; 21,0157568; 0; 6905; 3706,33; 3706,33; 3797,79; 3797,79; 3759,23; 3759,23; 3706,33; 0; 0; 04:38:35

2; 2; 18:22; 04:34; 00:00; 00:00; 00:00; ; ; ; 52,191232; 21,0157568; 0; 6905; 3706,33; 3706,33; 3797,79; 3797,79; 3759,23; 3759,23; 3706,33; 0; 0; 04:38:37

2; 2; 18:22; 04:34; 00:00; 00:00; 00:00; ; ; ; 52,191232; 21,0157568; 0; 6905; 3706,33; 3706,33; 3797,79; 3797,79; 3759,23; 3759,23; 3706,33; 0; 0; 04:38:39

2; 2; 18:22; 04:34; 00:00; 00:00; 00:00; ; ; ; 52,191232; 21,0157568; 0; 6905; 3706,33; 3706,33; 3797,79; 3797,79; 3759,23; 3759,23; 3706,33; 0; 0; 04:38:41

2; 2; 18:22; 04:34; 00:00; 00:00; 00:00; ; ; ; 52,191232; 21,0157568; 0; 6905; 3706,33; 3706,33; 3797,79; 3797,79; 3759,23; 3759,23; 3706,33; 0; 0; 04:38:43

2; 2; 18:22; 04:34; 00:00; 00:00; 00:00; ; ; ; 52,191232; 21,0157568; 0; 6905; 3706,33; 3706,33; 3797,79; 3797,79; 3759,23; 3759,23; 3706,33; 0; 0; 04:38:45

2; 2; 18:22; 04:34; 00:00; 00:00; 00:00; ; ; ; 52,191232; 21,0157568; 0; 6905; 3706,33; 3706,33; 3797,79; 3797,79; 3759,23; 3759,23; 3706,33; 0; 125; 04:38:47

2; 2; 18:22; 04:34; 00:00; 00:00; 00:00; ; ; ; 52,191232; 21,0157568; 0; 6905; 3706,33; 3706,33; 3797,79; 3797,79; 3759,23; 3759,23; 3706,33; 0; 0; 04:38:49

2; 2; 18:22; 04:34; 00:00; 00:00; 00:00; ; ; ; 52,191232; 21,0157568; 0; 6905; 3706,33; 3706,33; 3797,79; 3797,79; 3759,23; 3759,23; 3706,33; 0; 0; 04:38:51

2; 2; 18:22; 04:34; 00:00; 00:00; 00:00; ; ; ; 52,191232; 21,0157568; 0; 6905; 3706,33; 3706,33; 3797,79; 3797,79; 3759,23; 3759,23; 3706,33; 0; 0; 04:38:53

2; 2; 18:22; 04:34; 00:00; 00:00; 00:00; ; ; ; 52,191232; 21,0157568; 0; 6905; 3706,33; 3706,33; 3797,79; 3797,79; 3759,23; 3759,23; 3706,33; 0; 0; 04:38:55

2; 2; 18:22; 04:34; 00:00; 00:00; 00:00; ; ; ; 52,191232; 21,0157568; 0; 6905; 3706,33; 3706,33; 3797,79; 3797,79; 3759,23; 3759,23; 3706,33; 0; 0; 04:38:58

2; 2; 18:22; 04:34; 00:00; 00:00; 00:00; ; ; ; 52,191232; 21,0157568; 0; 6905; 3706,33; 3706,33; 3797,79; 3797,79; 3759,23; 3759,23; 3706,33; 0; 0; 04:39:00

2; 2; 18:22; 04:34; 00:00; 00:00; 00:00; ; ; ; 52,191232; 21,0157568; 0; 6905; 3706,33; 3706,33; 3797,79; 3797,79; 3759,23; 3759,23; 3706,33; 0; 0; 04:39:02

2; 2; 18:22; 04:34; 00:00; 00:00; 00:00; ; ; ; 52,191232; 21,0157568; 0; 6905; 3706,33; 3706,33; 3797,79; 3797,79; 3759,23; 3759,23; 3706,33; 0; 0; 04:39:04

2; 2; 18:22; 04:34; 00:00; 00:00; 00:00; ; ; ; 52,191232; 21,0157568; 0; 6905; 3706,33; 3706,33; 3797,79; 3797,79; 3759,23; 3759,23; 3706,33; 0; 0; 04:39:06

2; 2; 18:22; 04:34; 00:00; 00:00; 00:00; ; ; ; 52,191232; 21,0157568; 0; 6905; 3706,33; 3706,33; 3797,79; 3797,79; 3759,23; 3759,23; 3706,33; 0; 156; 04:39:08

2; 2; 18:22; 04:34; 00:00; 00:00; 00:00; ; ; ; 52,191232; 21,0157568; 0; 6905; 3706,33; 3706,33; 3797,79; 3797,79; 3759,23; 3759,23; 3706,33; 0; 0; 04:39:10

2; 2; 18:22; 04:34; 00:00; 00:00; 00:00; ; ; ; 52,191232; 21,0157568; 0; 6905; 3706,33; 3706,33; 3797,79; 3797,79; 3759,23; 3759,23; 3706,33; 0; 0; 04:39:12

2; 2; 18:22; 04:34; 00:00; 00:00; 00:00; ; ; ; 52,191232; 21,0157568; 0; 6905; 3706,33; 3706,33; 3797,79; 3797,79; 3759,23; 3759,23; 3706,33; 0; 0; 04:39:14

2; 2; 18:22; 04:34; 00:00; 00:00; 00:00; ; ; ; 52,191232; 21,0157568; 0; 6905; 3706,33; 3706,33; 3797,79; 3797,79; 3759,23; 3759,23; 3706,33; 0; 0; 04:39:16

2; 2; 18:22; 04:34; 00:00; 00:00; 00:00; ; ; ; 52,191232; 21,0157568; 0; 6905; 3706,33; 3706,33; 3797,79; 3797,79; 3759,23; 3759,23; 3706,33; 0; 0; 04:39:18

2; 2; 18:22; 04:34; 00:00; 00:00; 00:00; ; ; ; 52,191232; 21,0157568; 0; 6905; 3706,33; 3706,33; 3797,79; 3797,79; 3759,23; 3759,23; 3706,33; 0; 0; 04:39:20

2; 2; 18:22; 04:34; 00:00; 00:00; 00:00; ; ; ; 52,191232; 21,0157568; 0; 6905; 3706,33; 3706,33; 3797,79; 3797,79; 3759,23; 3759,23; 3706,33; 0; 0; 04:39:22

2; 2; 18:22; 04:34; 00:00; 00:00; 00:00; ; ; ; 52,191232; 21,0157568; 0; 6905; 3706,33; 3706,33; 3797,79; 3797,79; 3759,23; 3759,23; 3706,33; 0; 0; 04:39:24

2; 2; 18:22; 04:34; 00:00; 00:00; 00:00; ; ; ; 52,191232; 21,0157568; 0; 6905; 3706,33; 3706,33; 3797,79; 3797,79; 3759,23; 3759,23; 3706,33; 0; 0; 04:39:26

2; 2; 18:22; 04:34; 00:00; 00:00; 00:00; ; ; ; 52,191232; 21,0157568; 0; 6905; 3706,33; 3706,33; 3797,79; 3797,79; 3759,23; 3759,23; 3706,33; 0; 141; 04:39:29

2; 2; 18:22; 04:34; 00:00; 00:00; 00:00; ; ; ; 52,191232; 21,0157568; 0; 6905; 3706,33; 3706,33; 3797,79; 3797,79; 3759,23; 3759,23; 3706,33; 0; 0; 04:39:31

2; 2; 18:22; 04:34; 00:00; 00:00; 00:00; ; ; ; 52,191232; 21,0157568; 0; 6905; 3706,33; 3706,33; 3797,79; 3797,79; 3759,23; 3759,23; 3706,33; 0; 0; 04:39:33

2; 2; 18:22; 04:34; 00:00; 00:00; 00:00; ; ; ; 52,191232; 21,0157568; 0; 6905; 3706,33; 3706,33; 3797,79; 3797,79; 3759,23; 3759,23; 3706,33; 0; 0; 04:39:35

2; 2; 18:22; 04:34; 00:00; 00:00; 00:00; ; ; ; 52,191232; 21,0157568; 0; 6905; 3706,33; 3706,33; 3797,79; 3797,79; 3759,23; 3759,23; 3706,33; 0; 0; 04:39:37

2; 2; 18:22; 04:34; 00:00; 00:00; 00:00; ; ; ; 52,191232; 21,0157568; 0; 6905; 3706,33; 3706,33; 3797,79; 3797,79; 3759,23; 3759,23; 3706,33; 0; 0; 04:39:39

2; 2; 18:22; 04:34; 00:00; 00:00; 00:00; ; ; ; 52,191232; 21,0157568; 0; 6905; 3706,33; 3706,33; 3797,79; 3797,79; 3759,23; 3759,23; 3706,33; 0; 0; 04:39:41

2; 2; 18:22; 04:34; 00:00; 00:00; 00:00; ; ; ; 52,191232; 21,0157568; 0; 6905; 3706,33; 3706,33; 3797,79; 3797,79; 3759,23; 3759,23; 3706,33; 0; 0; 04:39:43

2; 2; 18:22; 04:34; 00:00; 00:00; 00:00; ; ; ; 52,191232; 21,0157568; 0; 6905; 3706,33; 3706,33; 3797,79; 3797,79; 3759,23; 3759,23; 3706,33; 0; 0; 04:39:45

2; 2; 18:22; 04:34; 00:00; 00:00; 00:00; ; ; ; 52,191232; 21,0157568; 0; 6905; 3706,33; 3706,33; 3797,79; 3797,79; 3759,23; 3759,23; 3706,33; 0; 0; 04:39:47

2; 2; 18:22; 04:34; 00:00; 00:00; 00:00; ; ; ; 52,191232; 21,0157568; 0; 6905; 3706,33; 3706,33; 3797,79; 3797,79; 3759,23; 3759,23; 3706,33; 0; 140; 04:39:49

2; 2; 18:22; 04:34; 00:00; 00:00; 00:00; ; ; ; 52,191232; 21,0157568; 0; 6905; 3706,33; 3706,33; 3797,79; 3797,79; 3759,23; 3759,23; 3706,33; 0; 0; 04:39:52

2; 2; 18:22; 04:34; 00:00; 00:00; 00:00; ; ; ; 52,191232; 21,0157568; 0; 6905; 3706,33; 3706,33; 3797,79; 3797,79; 3759,23; 3759,23; 3706,33; 0; 0; 04:39:54

2; 2; 18:22; 04:34; 00:00; 00:00; 00:00; ; ; ; 52,191232; 21,0157568; 0; 6905; 3706,33; 3706,33; 3797,79; 3797,79; 3759,23; 3759,23; 3706,33; 0; 0; 04:39:56

2; 2; 18:22; 04:34; 00:00; 00:00; 00:00; ; ; ; 52,191232; 21,0157568; 0; 6905; 3706,33; 3706,33; 3797,79; 3797,79; 3759,23; 3759,23; 3706,33; 0; 0; 04:39:58

2; 2; 18:22; 04:34; 00:00; 00:00; 00:00; ; ; ; 52,191232; 21,0157568; 0; 6905; 3706,33; 3706,33; 3797,79; 3797,79; 3759,23; 3759,23; 3706,33; 0; 0; 04:40:00

2; 2; 18:22; 04:34; 00:00; 00:00; 00:00; ; ; ; 52,191232; 21,0157568; 0; 6905; 3706,33; 3706,33; 3797,79; 3797,79; 3759,23; 3759,23; 3706,33; 0; 0; 04:40:02

2; 2; 18:22; 04:34; 00:00; 00:00; 00:00; ; ; ; 52,191232; 21,0157568; 0; 6905; 3706,33; 3706,33; 3797,79; 3797,79; 3759,23; 3759,23; 3706,33; 0; 0; 04:40:04

2; 2; 18:22; 04:34; 00:00; 00:00; 00:00; ; ; ; 52,191232; 21,0157568; 0; 6905; 3706,33; 3706,33; 3797,79; 3797,79; 3759,23; 3759,23; 3706,33; 0; 0; 04:40:06

2; 2; 18:22; 04:34; 00:00; 00:00; 00:00; ; ; ; 52,191232; 21,0157568; 0; 6905; 3706,33; 3706,33; 3797,79; 3797,79; 3759,23; 3759,23; 3706,33; 0; 0; 04:40:08

2; 2; 18:22; 04:34; 00:00; 00:00; 00:00; ; ; ; 52,191232; 21,0157568; 0; 6905; 3706,33; 3706,33; 3797,79; 3797,79; 3759,23; 3759,23; 3706,33; 0; 157; 04:40:10

2; 2; 18:22; 04:34; 00:00; 00:00; 00:00; ; ; ; 52,191232; 21,0157568; 0; 6905; 3706,33; 3706,33; 3797,79; 3797,79; 3759,23; 3759,23; 3706,33; 0; 16; 04:40:12

2; 2; 18:22; 04:34; 00:00; 00:00; 00:00; ; ; ; 52,191232; 21,0157568; 0; 6905; 3706,33; 3706,33; 3797,79; 3797,79; 3759,23; 3759,23; 3706,33; 0; 0; 04:40:14

2; 2; 18:22; 04:34; 00:00; 00:00; 00:00; ; ; ; 52,191232; 21,0157568; 0; 6905; 3706,33; 3706,33; 3797,79; 3797,79; 3759,23; 3759,23; 3706,33; 0; 0; 04:40:17

2; 2; 18:22; 04:34; 00:00; 00:00; 00:00; ; ; ; 52,191232; 21,0157568; 0; 6905; 3706,33; 3706,33; 3797,79; 3797,79; 3759,23; 3759,23; 3706,33; 0; 0; 04:40:19

2; 2; 18:22; 04:34; 00:00; 00:00; 00:00; ; ; ; 52,191232; 21,0157568; 0; 6905; 3706,33; 3706,33; 3797,79; 3797,79; 3759,23; 3759,23; 3706,33; 0; 0; 04:40:21

2; 2; 18:22; 04:34; 00:00; 00:00; 00:00; ; ; ; 52,191232; 21,0157568; 0; 6905; 3706,33; 3706,33; 3797,79; 3797,79; 3759,23; 3759,23; 3706,33; 0; 15; 04:40:23

2; 2; 18:22; 04:34; 00:00; 00:00; 00:00; ; ; ; 52,191232; 21,0157568; 0; 6905; 3706,33; 3706,33; 3797,79; 3797,79; 3759,23; 3759,23; 3706,33; 0; 0; 04:40:25

2; 2; 18:22; 04:34; 00:00; 00:00; 00:00; ; ; ; 52,191232; 21,0157568; 0; 6905; 3706,33; 3706,33; 3797,79; 3797,79; 3759,23; 3759,23; 3706,33; 0; 0; 04:40:27

2; 2; 18:22; 04:34; 00:00; 00:00; 00:00; ; ; ; 52,191232; 21,0157568; 0; 6905; 3706,33; 3706,33; 3797,79; 3797,79; 3759,23; 3759,23; 3706,33; 0; 0; 04:40:29

2; 2; 18:22; 04:34; 00:00; 00:00; 00:00; ; ; ; 52,191232; 21,0157568; 0; 6905; 3706,33; 3706,33; 3797,79; 3797,79; 3759,23; 3759,23; 3706,33; 0; 140; 04:40:31

2; 2; 18:22; 04:34; 00:00; 00:00; 00:00; ; ; ; 52,191232; 21,0157568; 0; 6905; 3706,33; 3706,33; 3797,79; 3797,79; 3759,23; 3759,23; 3706,33; 0; 0; 04:40:33

2; 2; 18:22; 04:34; 00:00; 00:00; 00:00; ; ; ; 52,191232; 21,0157568; 0; 6905; 3706,33; 3706,33; 3797,79; 3797,79; 3759,23; 3759,23; 3706,33; 0; 0; 04:40:35

2; 2; 18:22; 04:34; 00:00; 00:00; 00:00; ; ; ; 52,191232; 21,0157568; 0; 6905; 3706,33; 3706,33; 3797,79; 3797,79; 3759,23; 3759,23; 3706,33; 0; 0; 04:40:37

2; 2; 18:22; 04:34; 00:00; 00:00; 00:00; ; ; ; 52,191232; 21,0157568; 0; 6905; 3706,33; 3706,33; 3797,79; 3797,79; 3759,23; 3759,23; 3706,33; 0; 0; 04:40:39

2; 2; 18:22; 04:34; 00:00; 00:00; 00:00; ; ; ; 52,191232; 21,0157568; 0; 6905; 3706,33; 3706,33; 3797,79; 3797,79; 3759,23; 3759,23; 3706,33; 0; 0; 04:40:41

2; 2; 18:22; 04:34; 00:00; 00:00; 00:00; ; ; ; 52,191232; 21,0157568; 0; 6905; 3706,33; 3706,33; 3797,79; 3797,79; 3759,23; 3759,23; 3706,33; 0; 0; 04:40:43

2; 2; 18:22; 04:34; 00:00; 00:00; 00:00; ; ; ; 52,191232; 21,0157568; 0; 6905; 3706,33; 3706,33; 3797,79; 3797,79; 3759,23; 3759,23; 3706,33; 0; 0; 04:40:46

2; 2; 18:22; 04:34; 00:00; 00:00; 00:00; ; ; ; 52,191232; 21,0157568; 0; 6905; 3706,33; 3706,33; 3797,79; 3797,79; 3759,23; 3759,23; 3706,33; 0; 0; 04:40:48

2; 2; 18:22; 04:34; 00:00; 00:00; 00:00; ; ; ; 52,191232; 21,0157568; 0; 6905; 3706,33; 3706,33; 3797,79; 3797,79; 3759,23; 3759,23; 3706,33; 0; 0; 04:40:50

2; 2; 18:22; 04:34; 00:00; 00:00; 00:00; ; ; ; 52,191232; 21,0157568; 0; 6905; 3706,33; 3706,33; 3797,79; 3797,79; 3759,23; 3759,23; 3706,33; 0; 171; 04:40:52

2; 2; 18:22; 04:34; 00:00; 00:00; 00:00; ; ; ; 52,191232; 21,0157568; 0; 6905; 3706,33; 3706,33; 3797,79; 3797,79; 3759,23; 3759,23; 3706,33; 0; 0; 04:40:54

2; 2; 18:22; 04:34; 00:00; 00:00; 00:00; ; ; ; 52,191232; 21,0157568; 0; 6905; 3706,33; 3706,33; 3797,79; 3797,79; 3759,23; 3759,23; 3706,33; 0; 0; 04:40:56

2; 2; 18:22; 04:34; 00:00; 00:00; 00:00; ; ; ; 52,191232; 21,0157568; 0; 6905; 3706,33; 3706,33; 3797,79; 3797,79; 3759,23; 3759,23; 3706,33; 0; 0; 04:40:58

2; 2; 18:22; 04:34; 00:00; 00:00; 00:00; ; ; ; 52,191232; 21,0157568; 0; 6905; 3706,33; 3706,33; 3797,79; 3797,79; 3759,23; 3759,23; 3706,33; 0; 0; 04:41:00

2; 2; 18:22; 04:34; 00:00; 00:00; 00:00; ; ; ; 52,191232; 21,0157568; 0; 6905; 3706,33; 3706,33; 3797,79; 3797,79; 3759,23; 3759,23; 3706,33; 0; 0; 04:41:02

2; 2; 18:22; 04:34; 00:00; 00:00; 00:00; ; ; ; 52,191232; 21,0157568; 0; 6905; 3706,33; 3706,33; 3797,79; 3797,79; 3759,23; 3759,23; 3706,33; 0; 0; 04:41:04

2; 2; 18:22; 04:34; 00:00; 00:00; 00:00; ; ; ; 52,191232; 21,0157568; 0; 6905; 3706,33; 3706,33; 3797,79; 3797,79; 3759,23; 3759,23; 3706,33; 0; 0; 04:41:06

2; 2; 18:22; 04:34; 00:00; 00:00; 00:00; ; ; ; 52,191232; 21,0157568; 0; 6905; 3706,33; 3706,33; 3797,79; 3797,79; 3759,23; 3759,23; 3706,33; 0; 0; 04:41:09

2; 2; 18:22; 04:34; 00:00; 00:00; 00:00; ; ; ; 52,191232; 21,0157568; 0; 6905; 3706,33; 3706,33; 3797,79; 3797,79; 3759,23; 3759,23; 3706,33; 0; 0; 04:41:11

2; 2; 18:22; 04:34; 00:00; 00:00; 00:00; ; ; ; 52,191232; 21,0157568; 0; 6905; 3706,33; 3706,33; 3797,79; 3797,79; 3759,23; 3759,23; 3706,33; 0; 125; 04:41:13

2; 2; 18:22; 04:34; 00:00; 00:00; 00:00; ; ; ; 52,191232; 21,0157568; 0; 6905; 3706,33; 3706,33; 3797,79; 3797,79; 3759,23; 3759,23; 3706,33; 0; 0; 04:41:15

2; 2; 18:22; 04:34; 00:00; 00:00; 00:00; ; ; ; 52,191232; 21,0157568; 0; 6905; 3706,33; 3706,33; 3797,79; 3797,79; 3759,23; 3759,23; 3706,33; 0; 0; 04:41:17

2; 2; 18:22; 04:34; 00:00; 00:00; 00:00; ; ; ; 52,191232; 21,0157568; 0; 6905; 3706,33; 3706,33; 3797,79; 3797,79; 3759,23; 3759,23; 3706,33; 0; 0; 04:41:19

2; 2; 18:22; 04:34; 00:00; 00:00; 00:00; ; ; ; 52,191232; 21,0157568; 0; 6905; 3706,33; 3706,33; 3797,79; 3797,79; 3759,23; 3759,23; 3706,33; 0; 0; 04:41:21

2; 2; 18:22; 04:34; 00:00; 00:00; 00:00; ; ; ; 52,191232; 21,0157568; 0; 6905; 3706,33; 3706,33; 3797,79; 3797,79; 3759,23; 3759,23; 3706,33; 0; 0; 04:41:23

2; 2; 18:22; 04:34; 00:00; 00:00; 00:00; ; ; ; 52,191232; 21,0157568; 0; 6905; 3706,33; 3706,33; 3797,79; 3797,79; 3759,23; 3759,23; 3706,33; 0; 0; 04:41:25

2; 2; 18:22; 04:34; 00:00; 00:00; 00:00; ; ; ; 52,191232; 21,0157568; 0; 6905; 3706,33; 3706,33; 3797,79; 3797,79; 3759,23; 3759,23; 3706,33; 0; 0; 04:41:27

2; 2; 18:22; 04:34; 00:00; 00:00; 00:00; ; ; ; 52,191232; 21,0157568; 0; 6905; 3706,33; 3706,33; 3797,79; 3797,79; 3759,23; 3759,23; 3706,33; 0; 0; 04:41:29

2; 2; 18:22; 04:34; 00:00; 00:00; 00:00; ; ; ; 52,191232; 21,0157568; 0; 6905; 3706,33; 3706,33; 3797,79; 3797,79; 3759,23; 3759,23; 3706,33; 0; 0; 04:41:31

2; 2; 18:22; 04:34; 00:00; 00:00; 00:00; ; ; ; 52,191232; 21,0157568; 0; 6905; 3706,33; 3706,33; 3797,79; 3797,79; 3759,23; 3759,23; 3706,33; 0; 156; 04:41:34

2; 2; 18:22; 04:34; 00:00; 00:00; 00:00; ; ; ; 52,191232; 21,0157568; 0; 6905; 3706,33; 3706,33; 3797,79; 3797,79; 3759,23; 3759,23; 3706,33; 0; 0; 04:41:36

2; 2; 18:22; 04:34; 00:00; 00:00; 00:00; ; ; ; 52,191232; 21,0157568; 0; 6905; 3706,33; 3706,33; 3797,79; 3797,79; 3759,23; 3759,23; 3706,33; 0; 0; 04:41:38

2; 2; 18:22; 04:34; 00:00; 00:00; 00:00; ; ; ; 52,191232; 21,0157568; 0; 6905; 3706,33; 3706,33; 3797,79; 3797,79; 3759,23; 3759,23; 3706,33; 0; 0; 04:41:40

2; 2; 18:22; 04:34; 00:00; 00:00; 00:00; ; ; ; 52,191232; 21,0157568; 0; 6905; 3706,33; 3706,33; 3797,79; 3797,79; 3759,23; 3759,23; 3706,33; 0; 0; 04:41:42

2; 2; 18:22; 04:34; 00:00; 00:00; 00:00; ; ; ; 52,191232; 21,0157568; 0; 6905; 3706,33; 3706,33; 3797,79; 3797,79; 3759,23; 3759,23; 3706,33; 0; 0; 04:41:44

2; 2; 18:22; 04:34; 00:00; 00:00; 00:00; ; ; ; 52,191232; 21,0157568; 0; 6905; 3706,33; 3706,33; 3797,79; 3797,79; 3759,23; 3759,23; 3706,33; 0; 0; 04:41:46

2; 2; 18:22; 04:34; 00:00; 00:00; 00:00; ; ; ; 52,191232; 21,0157568; 0; 6905; 3706,33; 3706,33; 3797,79; 3797,79; 3759,23; 3759,23; 3706,33; 0; 0; 04:41:48

2; 2; 18:22; 04:34; 00:00; 00:00; 00:00; ; ; ; 52,191232; 21,0157568; 0; 6905; 3706,33; 3706,33; 3797,79; 3797,79; 3759,23; 3759,23; 3706,33; 0; 0; 04:41:50

2; 2; 18:22; 04:34; 00:00; 00:00; 00:00; ; ; ; 52,191232; 21,0157568; 0; 6905; 3706,33; 3706,33; 3797,79; 3797,79; 3759,23; 3759,23; 3706,33; 0; 0; 04:41:52

2; 2; 18:22; 04:34; 00:00; 00:00; 00:00; ; ; ; 52,191232; 21,0157568; 0; 6905; 3706,33; 3706,33; 3797,79; 3797,79; 3759,23; 3759,23; 3706,33; 0; 125; 04:41:54

2; 2; 18:22; 04:34; 00:00; 00:00; 00:00; ; ; ; 52,191232; 21,0157568; 0; 6905; 3706,33; 3706,33; 3797,79; 3797,79; 3759,23; 3759,23; 3706,33; 0; 0; 04:41:57

2; 2; 18:22; 04:34; 00:00; 00:00; 00:00; ; ; ; 52,191232; 21,0157568; 0; 6905; 3706,33; 3706,33; 3797,79; 3797,79; 3759,23; 3759,23; 3706,33; 0; 0; 04:41:59

2; 2; 18:22; 04:34; 00:00; 00:00; 00:00; ; ; ; 52,191232; 21,0157568; 0; 6905; 3706,33; 3706,33; 3797,79; 3797,79; 3759,23; 3759,23; 3706,33; 0; 0; 04:42:01

2; 2; 18:22; 04:34; 00:00; 00:00; 00:00; ; ; ; 52,191232; 21,0157568; 0; 6905; 3706,33; 3706,33; 3797,79; 3797,79; 3759,23; 3759,23; 3706,33; 0; 0; 04:42:03

2; 2; 18:22; 04:34; 00:00; 00:00; 00:00; ; ; ; 52,191232; 21,0157568; 0; 6905; 3706,33; 3706,33; 3797,79; 3797,79; 3759,23; 3759,23; 3706,33; 0; 0; 04:42:05

2; 2; 18:22; 04:34; 00:00; 00:00; 00:00; ; ; ; 52,191232; 21,0157568; 0; 6905; 3706,33; 3706,33; 3797,79; 3797,79; 3759,23; 3759,23; 3706,33; 0; 0; 04:42:07

2; 2; 18:22; 04:34; 00:00; 00:00; 00:00; ; ; ; 52,191232; 21,0157568; 0; 6905; 3706,33; 3706,33; 3797,79; 3797,79; 3759,23; 3759,23; 3706,33; 0; 0; 04:42:09

2; 2; 18:22; 04:34; 00:00; 00:00; 00:00; ; ; ; 52,191232; 21,0157568; 0; 6905; 3706,33; 3706,33; 3797,79; 3797,79; 3759,23; 3759,23; 3706,33; 0; 0; 04:42:11

2; 2; 18:22; 04:34; 00:00; 00:00; 00:00; ; ; ; 52,191232; 21,0157568; 0; 6905; 3706,33; 3706,33; 3797,79; 3797,79; 3759,23; 3759,23; 3706,33; 0; 0; 04:42:13

2; 2; 18:22; 04:34; 00:00; 00:00; 00:00; ; ; ; 52,191232; 21,0157568; 0; 6905; 3706,33; 3706,33; 3797,79; 3797,79; 3759,23; 3759,23; 3706,33; 0; 203; 04:42:15

2; 2; 18:22; 04:34; 00:00; 00:00; 00:00; ; ; ; 52,191232; 21,0157568; 0; 6905; 3706,33; 3706,33; 3797,79; 3797,79; 3759,23; 3759,23; 3706,33; 0; 0; 04:42:17

2; 2; 18:22; 04:34; 00:00; 00:00; 00:00; ; ; ; 52,191232; 21,0157568; 0; 6905; 3706,33; 3706,33; 3797,79; 3797,79; 3759,23; 3759,23; 3706,33; 0; 0; 04:42:20

2; 2; 18:22; 04:34; 00:00; 00:00; 00:00; ; ; ; 52,191232; 21,0157568; 0; 6905; 3706,33; 3706,33; 3797,79; 3797,79; 3759,23; 3759,23; 3706,33; 0; 0; 04:42:22

2; 2; 18:22; 04:34; 00:00; 00:00; 00:00; ; ; ; 52,191232; 21,0157568; 0; 6905; 3706,33; 3706,33; 3797,79; 3797,79; 3759,23; 3759,23; 3706,33; 0; 0; 04:42:24

2; 2; 18:22; 04:34; 00:00; 00:00; 00:00; ; ; ; 52,191232; 21,0157568; 0; 6905; 3706,33; 3706,33; 3797,79; 3797,79; 3759,23; 3759,23; 3706,33; 0; 0; 04:42:26

2; 2; 18:22; 04:34; 00:00; 00:00; 00:00; ; ; ; 52,191232; 21,0157568; 0; 6905; 3706,33; 3706,33; 3797,79; 3797,79; 3759,23; 3759,23; 3706,33; 0; 0; 04:42:28

2; 2; 18:22; 04:34; 00:00; 00:00; 00:00; ; ; ; 52,191232; 21,0157568; 0; 6905; 3706,33; 3706,33; 3797,79; 3797,79; 3759,23; 3759,23; 3706,33; 0; 0; 04:42:30

2; 2; 18:22; 04:34; 00:00; 00:00; 00:00; ; ; ; 52,191232; 21,0157568; 0; 6905; 3706,33; 3706,33; 3797,79; 3797,79; 3759,23; 3759,23; 3706,33; 0; 0; 04:42:32

2; 2; 18:22; 04:34; 00:00; 00:00; 00:00; ; ; ; 52,191232; 21,0157568; 0; 6905; 3706,33; 3706,33; 3797,79; 3797,79; 3759,23; 3759,23; 3706,33; 0; 0; 04:42:34

2; 2; 18:22; 04:34; 00:00; 00:00; 00:00; ; ; ; 52,191232; 21,0157568; 0; 6905; 3706,33; 3706,33; 3797,79; 3797,79; 3759,23; 3759,23; 3706,33; 0; 140; 04:42:36

2; 2; 18:22; 04:34; 00:00; 00:00; 00:00; ; ; ; 52,191232; 21,0157568; 0; 6905; 3706,33; 3706,33; 3797,79; 3797,79; 3759,23; 3759,23; 3706,33; 0; 0; 04:42:38

2; 2; 18:22; 04:34; 00:00; 00:00; 00:00; ; ; ; 52,191232; 21,0157568; 0; 6905; 3706,33; 3706,33; 3797,79; 3797,79; 3759,23; 3759,23; 3706,33; 0; 0; 04:42:40

2; 2; 18:22; 04:34; 00:00; 00:00; 00:00; ; ; ; 52,191232; 21,0157568; 0; 6905; 3706,33; 3706,33; 3797,79; 3797,79; 3759,23; 3759,23; 3706,33; 0; 0; 04:42:42

2; 2; 18:22; 04:34; 00:00; 00:00; 00:00; ; ; ; 52,191232; 21,0157568; 0; 6905; 3706,33; 3706,33; 3797,79; 3797,79; 3759,23; 3759,23; 3706,33; 0; 0; 04:42:45

2; 2; 18:22; 04:34; 00:00; 00:00; 00:00; ; ; ; 52,191232; 21,0157568; 0; 6905; 3706,33; 3706,33; 3797,79; 3797,79; 3759,23; 3759,23; 3706,33; 0; 0; 04:42:47

2; 2; 18:22; 04:34; 00:00; 00:00; 00:00; ; ; ; 52,191232; 21,0157568; 0; 6905; 3706,33; 3706,33; 3797,79; 3797,79; 3759,23; 3759,23; 3706,33; 0; 0; 04:42:49

2; 2; 18:22; 04:34; 00:00; 00:00; 00:00; ; ; ; 52,191232; 21,0157568; 0; 6905; 3706,33; 3706,33; 3797,79; 3797,79; 3759,23; 3759,23; 3706,33; 0; 0; 04:42:51

2; 2; 18:22; 04:34; 00:00; 00:00; 00:00; ; ; ; 52,191232; 21,0157568; 0; 6905; 3706,33; 3706,33; 3797,79; 3797,79; 3759,23; 3759,23; 3706,33; 0; 0; 04:42:53

2; 2; 18:22; 04:34; 00:00; 00:00; 00:00; ; ; ; 52,191232; 21,0157568; 0; 6905; 3706,33; 3706,33; 3797,79; 3797,79; 3759,23; 3759,23; 3706,33; 0; 0; 04:42:55

2; 2; 18:22; 04:34; 00:00; 00:00; 00:00; ; ; ; 52,191232; 21,0157568; 0; 6905; 3706,33; 3706,33; 3797,79; 3797,79; 3759,23; 3759,23; 3706,33; 0; 156; 04:42:57

2; 2; 18:22; 04:34; 00:00; 00:00; 00:00; ; ; ; 52,191232; 21,0157568; 0; 6905; 3706,33; 3706,33; 3797,79; 3797,79; 3759,23; 3759,23; 3706,33; 0; 0; 04:42:59

2; 2; 18:22; 04:34; 00:00; 00:00; 00:00; ; ; ; 52,191232; 21,0157568; 0; 6905; 3706,33; 3706,33; 3797,79; 3797,79; 3759,23; 3759,23; 3706,33; 0; 0; 04:43:01

2; 2; 18:22; 04:34; 00:00; 00:00; 00:00; ; ; ; 52,191232; 21,0157568; 0; 6905; 3706,33; 3706,33; 3797,79; 3797,79; 3759,23; 3759,23; 3706,33; 0; 0; 04:43:03

2; 2; 18:22; 04:34; 00:00; 00:00; 00:00; ; ; ; 52,191232; 21,0157568; 0; 6905; 3706,33; 3706,33; 3797,79; 3797,79; 3759,23; 3759,23; 3706,33; 0; 0; 04:43:05

2; 2; 18:22; 04:34; 00:00; 00:00; 00:00; ; ; ; 52,191232; 21,0157568; 0; 6905; 3706,33; 3706,33; 3797,79; 3797,79; 3759,23; 3759,23; 3706,33; 0; 0; 04:43:07

2; 2; 18:22; 04:34; 00:00; 00:00; 00:00; ; ; ; 52,191232; 21,0157568; 0; 6905; 3706,33; 3706,33; 3797,79; 3797,79; 3759,23; 3759,23; 3706,33; 0; 0; 04:43:10

2; 2; 18:22; 04:34; 00:00; 00:00; 00:00; ; ; ; 52,191232; 21,0157568; 0; 6905; 3706,33; 3706,33; 3797,79; 3797,79; 3759,23; 3759,23; 3706,33; 0; 0; 04:43:12

2; 2; 18:22; 04:34; 00:00; 00:00; 00:00; ; ; ; 52,191232; 21,0157568; 0; 6905; 3706,33; 3706,33; 3797,79; 3797,79; 3759,23; 3759,23; 3706,33; 0; 0; 04:43:14

2; 2; 18:22; 04:34; 00:00; 00:00; 00:00; ; ; ; 52,191232; 21,0157568; 0; 6905; 3706,33; 3706,33; 3797,79; 3797,79; 3759,23; 3759,23; 3706,33; 0; 0; 04:43:16

2; 2; 18:22; 04:34; 00:00; 00:00; 00:00; ; ; ; 52,191232; 21,0157568; 0; 6905; 3706,33; 3706,33; 3797,79; 3797,79; 3759,23; 3759,23; 3706,33; 0; 125; 04:43:18

2; 2; 18:22; 04:34; 00:00; 00:00; 00:00; ; ; ; 52,191232; 21,0157568; 0; 6905; 3706,33; 3706,33; 3797,79; 3797,79; 3759,23; 3759,23; 3706,33; 0; 0; 04:43:20

2; 2; 18:22; 04:34; 00:00; 00:00; 00:00; ; ; ; 52,191232; 21,0157568; 0; 6905; 3706,33; 3706,33; 3797,79; 3797,79; 3759,23; 3759,23; 3706,33; 0; 0; 04:43:22

2; 2; 18:22; 04:34; 00:00; 00:00; 00:00; ; ; ; 52,191232; 21,0157568; 0; 6905; 3706,33; 3706,33; 3797,79; 3797,79; 3759,23; 3759,23; 3706,33; 0; 0; 04:43:24

2; 2; 18:22; 04:34; 00:00; 00:00; 00:00; ; ; ; 52,191232; 21,0157568; 0; 6905; 3706,33; 3706,33; 3797,79; 3797,79; 3759,23; 3759,23; 3706,33; 0; 0; 04:43:26

2; 2; 18:22; 04:34; 00:00; 00:00; 00:00; ; ; ; 52,191232; 21,0157568; 0; 6905; 3706,33; 3706,33; 3797,79; 3797,79; 3759,23; 3759,23; 3706,33; 0; 0; 04:43:28

2; 2; 18:22; 04:34; 00:00; 00:00; 00:00; ; ; ; 52,191232; 21,0157568; 0; 6905; 3706,33; 3706,33; 3797,79; 3797,79; 3759,23; 3759,23; 3706,33; 0; 0; 04:43:30

2; 2; 18:22; 04:34; 00:00; 00:00; 00:00; ; ; ; 52,191232; 21,0157568; 0; 6905; 3706,33; 3706,33; 3797,79; 3797,79; 3759,23; 3759,23; 3706,33; 0; 0; 04:43:32

2; 2; 18:22; 04:34; 00:00; 00:00; 00:00; ; ; ; 52,191232; 21,0157568; 0; 6905; 3706,33; 3706,33; 3797,79; 3797,79; 3759,23; 3759,23; 3706,33; 0; 0; 04:43:34

2; 2; 18:22; 04:34; 00:00; 00:00; 00:00; ; ; ; 52,191232; 21,0157568; 0; 6905; 3706,33; 3706,33; 3797,79; 3797,79; 3759,23; 3759,23; 3706,33; 0; 0; 04:43:37

2; 2; 18:22; 04:34; 00:00; 00:00; 00:00; ; ; ; 52,191232; 21,0157568; 0; 6905; 3706,33; 3706,33; 3797,79; 3797,79; 3759,23; 3759,23; 3706,33; 0; 141; 04:43:39

2; 2; 18:22; 04:34; 00:00; 00:00; 00:00; ; ; ; 52,191232; 21,0157568; 0; 6905; 3706,33; 3706,33; 3797,79; 3797,79; 3759,23; 3759,23; 3706,33; 0; 0; 04:43:41

2; 2; 18:22; 04:34; 00:00; 00:00; 00:00; ; ; ; 52,191232; 21,0157568; 0; 6905; 3706,33; 3706,33; 3797,79; 3797,79; 3759,23; 3759,23; 3706,33; 0; 0; 04:43:43

2; 2; 18:22; 04:34; 00:00; 00:00; 00:00; ; ; ; 52,191232; 21,0157568; 0; 6905; 3706,33; 3706,33; 3797,79; 3797,79; 3759,23; 3759,23; 3706,33; 0; 0; 04:43:45

2; 2; 18:22; 04:34; 00:00; 00:00; 00:00; ; ; ; 52,191232; 21,0157568; 0; 6905; 3706,33; 3706,33; 3797,79; 3797,79; 3759,23; 3759,23; 3706,33; 0; 0; 04:43:47

2; 2; 18:22; 04:34; 00:00; 00:00; 00:00; ; ; ; 52,191232; 21,0157568; 0; 6905; 3706,33; 3706,33; 3797,79; 3797,79; 3759,23; 3759,23; 3706,33; 0; 0; 04:43:49

2; 2; 18:22; 04:34; 00:00; 00:00; 00:00; ; ; ; 52,191232; 21,0157568; 0; 6905; 3706,33; 3706,33; 3797,79; 3797,79; 3759,23; 3759,23; 3706,33; 0; 0; 04:43:51

2; 2; 18:22; 04:34; 00:00; 00:00; 00:00; ; ; ; 52,191232; 21,0157568; 0; 6905; 3706,33; 3706,33; 3797,79; 3797,79; 3759,23; 3759,23; 3706,33; 0; 0; 04:43:53

2; 2; 18:22; 04:34; 00:00; 00:00; 00:00; ; ; ; 52,191232; 21,0157568; 0; 6905; 3706,33; 3706,33; 3797,79; 3797,79; 3759,23; 3759,23; 3706,33; 0; 0; 04:43:55

2; 2; 18:22; 04:34; 00:00; 00:00; 00:00; ; ; ; 52,191232; 21,0157568; 0; 6905; 3706,33; 3706,33; 3797,79; 3797,79; 3759,23; 3759,23; 3706,33; 0; 0; 04:43:57

2; 2; 18:22; 04:34; 00:00; 00:00; 00:00; ; ; ; 52,191232; 21,0157568; 0; 6905; 3706,33; 3706,33; 3797,79; 3797,79; 3759,23; 3759,23; 3706,33; 0; 204; 04:43:59

2; 2; 18:22; 04:34; 00:00; 00:00; 00:00; ; ; ; 52,191232; 21,0157568; 0; 6905; 3706,33; 3706,33; 3797,79; 3797,79; 3759,23; 3759,23; 3706,33; 0; 0; 04:44:02

2; 2; 18:22; 04:34; 00:00; 00:00; 00:00; ; ; ; 52,191232; 21,0157568; 0; 6905; 3706,33; 3706,33; 3797,79; 3797,79; 3759,23; 3759,23; 3706,33; 0; 0; 04:44:04

2; 2; 18:22; 04:34; 00:00; 00:00; 00:00; ; ; ; 52,191232; 21,0157568; 0; 6905; 3706,33; 3706,33; 3797,79; 3797,79; 3759,23; 3759,23; 3706,33; 0; 0; 04:44:06

2; 2; 18:22; 04:34; 00:00; 00:00; 00:00; ; ; ; 52,191232; 21,0157568; 0; 6905; 3706,33; 3706,33; 3797,79; 3797,79; 3759,23; 3759,23; 3706,33; 0; 0; 04:44:08

2; 2; 18:22; 04:34; 00:00; 00:00; 00:00; ; ; ; 52,191232; 21,0157568; 0; 6905; 3706,33; 3706,33; 3797,79; 3797,79; 3759,23; 3759,23; 3706,33; 0; 0; 04:44:10

2; 2; 18:22; 04:34; 00:00; 00:00; 00:00; ; ; ; 52,191232; 21,0157568; 0; 6905; 3706,33; 3706,33; 3797,79; 3797,79; 3759,23; 3759,23; 3706,33; 0; 0; 04:44:12

2; 2; 18:22; 04:34; 00:00; 00:00; 00:00; ; ; ; 52,191232; 21,0157568; 0; 6905; 3706,33; 3706,33; 3797,79; 3797,79; 3759,23; 3759,23; 3706,33; 0; 0; 04:44:14

2; 2; 18:22; 04:34; 00:00; 00:00; 00:00; ; ; ; 52,191232; 21,0157568; 0; 6905; 3706,33; 3706,33; 3797,79; 3797,79; 3759,23; 3759,23; 3706,33; 0; 0; 04:44:16

2; 2; 18:22; 04:34; 00:00; 00:00; 00:00; ; ; ; 52,191232; 21,0157568; 0; 6905; 3706,33; 3706,33; 3797,79; 3797,79; 3759,23; 3759,23; 3706,33; 0; 0; 04:44:18

2; 2; 18:22; 04:34; 00:00; 00:00; 00:00; ; ; ; 52,191232; 21,0157568; 0; 6905; 3706,33; 3706,33; 3797,79; 3797,79; 3759,23; 3759,23; 3706,33; 0; 156; 04:44:20

2; 2; 18:22; 04:34; 00:00; 00:00; 00:00; ; ; ; 52,191232; 21,0157568; 0; 6905; 3706,33; 3706,33; 3797,79; 3797,79; 3759,23; 3759,23; 3706,33; 0; 0; 04:44:22

2; 2; 18:22; 04:34; 00:00; 00:00; 00:00; ; ; ; 52,191232; 21,0157568; 0; 6905; 3706,33; 3706,33; 3797,79; 3797,79; 3759,23; 3759,23; 3706,33; 0; 0; 04:44:24

2; 2; 18:22; 04:34; 00:00; 00:00; 00:00; ; ; ; 52,191232; 21,0157568; 0; 6905; 3706,33; 3706,33; 3797,79; 3797,79; 3759,23; 3759,23; 3706,33; 0; 0; 04:44:27

2; 2; 18:22; 04:34; 00:00; 00:00; 00:00; ; ; ; 52,191232; 21,0157568; 0; 6905; 3706,33; 3706,33; 3797,79; 3797,79; 3759,23; 3759,23; 3706,33; 0; 0; 04:44:29

2; 2; 18:22; 04:34; 00:00; 00:00; 00:00; ; ; ; 52,191232; 21,0157568; 0; 6905; 3706,33; 3706,33; 3797,79; 3797,79; 3759,23; 3759,23; 3706,33; 0; 0; 04:44:31

2; 2; 18:22; 04:34; 00:00; 00:00; 00:00; ; ; ; 52,191232; 21,0157568; 0; 6905; 3706,33; 3706,33; 3797,79; 3797,79; 3759,23; 3759,23; 3706,33; 0; 0; 04:44:33

2; 2; 18:22; 04:34; 00:00; 00:00; 00:00; ; ; ; 52,191232; 21,0157568; 0; 6905; 3706,33; 3706,33; 3797,79; 3797,79; 3759,23; 3759,23; 3706,33; 0; 15; 04:44:35

2; 2; 18:22; 04:34; 00:00; 00:00; 00:00; ; ; ; 52,191232; 21,0157568; 0; 6905; 3706,33; 3706,33; 3797,79; 3797,79; 3759,23; 3759,23; 3706,33; 0; 0; 04:44:37

2; 2; 18:22; 04:34; 00:00; 00:00; 00:00; ; ; ; 52,191232; 21,0157568; 0; 6905; 3706,33; 3706,33; 3797,79; 3797,79; 3759,23; 3759,23; 3706,33; 0; 0; 04:44:39

2; 2; 18:22; 04:34; 00:00; 00:00; 00:00; ; ; ; 52,191232; 21,0157568; 0; 6905; 3706,33; 3706,33; 3797,79; 3797,79; 3759,23; 3759,23; 3706,33; 0; 156; 04:44:41

2; 2; 18:22; 04:34; 00:00; 00:00; 00:00; ; ; ; 52,191232; 21,0157568; 0; 6905; 3706,33; 3706,33; 3797,79; 3797,79; 3759,23; 3759,23; 3706,33; 0; 0; 04:44:43

2; 2; 18:22; 04:34; 00:00; 00:00; 00:00; ; ; ; 52,191232; 21,0157568; 0; 6905; 3706,33; 3706,33; 3797,79; 3797,79; 3759,23; 3759,23; 3706,33; 0; 0; 04:44:45

2; 2; 18:22; 04:34; 00:00; 00:00; 00:00; ; ; ; 52,191232; 21,0157568; 0; 6905; 3706,33; 3706,33; 3797,79; 3797,79; 3759,23; 3759,23; 3706,33; 0; 0; 04:44:47

2; 2; 18:22; 04:34; 00:00; 00:00; 00:00; ; ; ; 52,191232; 21,0157568; 0; 6905; 3706,33; 3706,33; 3797,79; 3797,79; 3759,23; 3759,23; 3706,33; 0; 0; 04:44:50

2; 2; 18:22; 04:34; 00:00; 00:00; 00:00; ; ; ; 52,191232; 21,0157568; 0; 6905; 3706,33; 3706,33; 3797,79; 3797,79; 3759,23; 3759,23; 3706,33; 0; 0; 04:44:52

2; 2; 18:22; 04:34; 00:00; 00:00; 00:00; ; ; ; 52,191232; 21,0157568; 0; 6905; 3706,33; 3706,33; 3797,79; 3797,79; 3759,23; 3759,23; 3706,33; 0; 0; 04:44:54

2; 2; 18:22; 04:34; 00:00; 00:00; 00:00; ; ; ; 52,191232; 21,0157568; 0; 6905; 3706,33; 3706,33; 3797,79; 3797,79; 3759,23; 3759,23; 3706,33; 0; 0; 04:44:56

2; 2; 18:22; 04:34; 00:00; 00:00; 00:00; ; ; ; 52,191232; 21,0157568; 0; 6905; 3706,33; 3706,33; 3797,79; 3797,79; 3759,23; 3759,23; 3706,33; 0; 0; 04:44:58

2; 2; 18:22; 04:34; 00:00; 00:00; 00:00; ; ; ; 52,191232; 21,0157568; 0; 6905; 3706,33; 3706,33; 3797,79; 3797,79; 3759,23; 3759,23; 3706,33; 0; 0; 04:45:00

2; 2; 18:22; 04:34; 00:00; 00:00; 00:00; ; ; ; 52,191232; 21,0157568; 0; 6905; 3706,33; 3706,33; 3797,79; 3797,79; 3759,23; 3759,23; 3706,33; 0; 156; 04:45:02

2; 2; 18:22; 04:34; 00:00; 00:00; 00:00; ; ; ; 52,191232; 21,0157568; 0; 6905; 3706,33; 3706,33; 3797,79; 3797,79; 3759,23; 3759,23; 3706,33; 0; 0; 04:45:04

2; 2; 18:22; 04:34; 00:00; 00:00; 00:00; ; ; ; 52,191232; 21,0157568; 0; 6905; 3706,33; 3706,33; 3797,79; 3797,79; 3759,23; 3759,23; 3706,33; 0; 16; 04:45:06

2; 2; 18:22; 04:34; 00:00; 00:00; 00:00; ; ; ; 52,191232; 21,0157568; 0; 6905; 3706,33; 3706,33; 3797,79; 3797,79; 3759,23; 3759,23; 3706,33; 0; 0; 04:45:08

2; 2; 18:22; 04:34; 00:00; 00:00; 00:00; ; ; ; 52,191232; 21,0157568; 0; 6905; 3706,33; 3706,33; 3797,79; 3797,79; 3759,23; 3759,23; 3706,33; 0; 0; 04:45:10

2; 2; 18:22; 04:34; 00:00; 00:00; 00:00; ; ; ; 52,191232; 21,0157568; 0; 6905; 3706,33; 3706,33; 3797,79; 3797,79; 3759,23; 3759,23; 3706,33; 0; 0; 04:45:12

2; 2; 18:22; 04:34; 00:00; 00:00; 00:00; ; ; ; 52,191232; 21,0157568; 0; 6905; 3706,33; 3706,33; 3797,79; 3797,79; 3759,23; 3759,23; 3706,33; 0; 0; 04:45:14

2; 2; 18:22; 04:34; 00:00; 00:00; 00:00; ; ; ; 52,191232; 21,0157568; 0; 6905; 3706,33; 3706,33; 3797,79; 3797,79; 3759,23; 3759,23; 3706,33; 0; 0; 04:45:17

2; 2; 18:22; 04:34; 00:00; 00:00; 00:00; ; ; ; 52,191232; 21,0157568; 0; 6905; 3706,33; 3706,33; 3797,79; 3797,79; 3759,23; 3759,23; 3706,33; 0; 0; 04:45:19

2; 2; 18:22; 04:34; 00:00; 00:00; 00:00; ; ; ; 52,191232; 21,0157568; 0; 6905; 3706,33; 3706,33; 3797,79; 3797,79; 3759,23; 3759,23; 3706,33; 0; 0; 04:45:21

2; 2; 18:22; 04:34; 00:00; 00:00; 00:00; ; ; ; 52,191232; 21,0157568; 0; 6905; 3706,33; 3706,33; 3797,79; 3797,79; 3759,23; 3759,23; 3706,33; 0; 156; 04:45:23

2; 2; 18:22; 04:34; 00:00; 00:00; 00:00; ; ; ; 52,191232; 21,0157568; 0; 6905; 3706,33; 3706,33; 3797,79; 3797,79; 3759,23; 3759,23; 3706,33; 0; 0; 04:45:25

2; 2; 18:22; 04:34; 00:00; 00:00; 00:00; ; ; ; 52,191232; 21,0157568; 0; 6905; 3706,33; 3706,33; 3797,79; 3797,79; 3759,23; 3759,23; 3706,33; 0; 0; 04:45:27

2; 2; 18:22; 04:34; 00:00; 00:00; 00:00; ; ; ; 52,191232; 21,0157568; 0; 6905; 3706,33; 3706,33; 3797,79; 3797,79; 3759,23; 3759,23; 3706,33; 0; 0; 04:45:29

2; 2; 18:22; 04:34; 00:00; 00:00; 00:00; ; ; ; 52,191232; 21,0157568; 0; 6905; 3706,33; 3706,33; 3797,79; 3797,79; 3759,23; 3759,23; 3706,33; 0; 0; 04:45:31

2; 2; 18:22; 04:34; 00:00; 00:00; 00:00; ; ; ; 52,191232; 21,0157568; 0; 6905; 3706,33; 3706,33; 3797,79; 3797,79; 3759,23; 3759,23; 3706,33; 0; 16; 04:45:33

2; 2; 18:22; 04:34; 00:00; 00:00; 00:00; ; ; ; 52,191232; 21,0157568; 0; 6905; 3706,33; 3706,33; 3797,79; 3797,79; 3759,23; 3759,23; 3706,33; 0; 0; 04:45:35

2; 2; 18:22; 04:34; 00:00; 00:00; 00:00; ; ; ; 52,191232; 21,0157568; 0; 6905; 3706,33; 3706,33; 3797,79; 3797,79; 3759,23; 3759,23; 3706,33; 0; 0; 04:45:37

2; 2; 18:22; 04:34; 00:00; 00:00; 00:00; ; ; ; 52,191232; 21,0157568; 0; 6905; 3706,33; 3706,33; 3797,79; 3797,79; 3759,23; 3759,23; 3706,33; 0; 0; 04:45:39

2; 2; 18:22; 04:34; 00:00; 00:00; 00:00; ; ; ; 52,191232; 21,0157568; 0; 6905; 3706,33; 3706,33; 3797,79; 3797,79; 3759,23; 3759,23; 3706,33; 0; 0; 04:45:41

2; 2; 18:22; 04:34; 00:00; 00:00; 00:00; ; ; ; 52,191232; 21,0157568; 0; 6905; 3706,33; 3706,33; 3797,79; 3797,79; 3759,23; 3759,23; 3706,33; 0; 156; 04:45:44

2; 2; 18:22; 04:34; 00:00; 00:00; 00:00; ; ; ; 52,191232; 21,0157568; 0; 6905; 3706,33; 3706,33; 3797,79; 3797,79; 3759,23; 3759,23; 3706,33; 0; 0; 04:45:46

2; 2; 18:22; 04:34; 00:00; 00:00; 00:00; ; ; ; 52,191232; 21,0157568; 0; 6905; 3706,33; 3706,33; 3797,79; 3797,79; 3759,23; 3759,23; 3706,33; 0; 0; 04:45:48

2; 2; 18:22; 04:34; 00:00; 00:00; 00:00; ; ; ; 52,191232; 21,0157568; 0; 6905; 3706,33; 3706,33; 3797,79; 3797,79; 3759,23; 3759,23; 3706,33; 0; 0; 04:45:50

2; 2; 18:22; 04:34; 00:00; 00:00; 00:00; ; ; ; 52,191232; 21,0157568; 0; 6905; 3706,33; 3706,33; 3797,79; 3797,79; 3759,23; 3759,23; 3706,33; 0; 0; 04:45:52

2; 2; 18:22; 04:34; 00:00; 00:00; 00:00; ; ; ; 52,191232; 21,0157568; 0; 6905; 3706,33; 3706,33; 3797,79; 3797,79; 3759,23; 3759,23; 3706,33; 0; 0; 04:45:54

2; 2; 18:22; 04:34; 00:00; 00:00; 00:00; ; ; ; 52,191232; 21,0157568; 0; 6905; 3706,33; 3706,33; 3797,79; 3797,79; 3759,23; 3759,23; 3706,33; 0; 0; 04:45:56
