
2121:0900:0000:0000:0000:0000:000052,1738378, 20,9691477, 0, 37, 0, 0, 0, 0, 0, 0, 0, 0121722:39:00

2121:0900:0000:0000:0000:0000:000052,1736741, 20,9718638, 0, 34, 0, 0, 0, 0, 0, 0, 0, 020322:39:04

2121:0900:0000:0000:0000:0000:000052,1736741, 20,9718638, 0, 34, 0, 0, 0, 0, 0, 0, 0, 028122:39:07

2121:0900:0000:0000:0000:0000:000052,1736741, 20,9718638, 0, 34, 0, 0, 0, 0, 0, 0, 0, 011022:39:11

2121:0900:0000:0000:0000:0000:000052,1736741, 20,9718638, 0, 34, 0, 0, 0, 0, 0, 0, 0, 017222:39:14

2121:0900:0000:0000:0000:0000:000052,1736741, 20,9718638, 0, 34, 0, 0, 0, 0, 0, 0, 0, 093622:39:19

2121:0900:0000:0000:0000:0000:000052,1736741, 20,9718638, 0, 34, 0, 0, 0, 0, 0, 0, 0, 017222:39:22

2121:0900:0000:0000:0000:0000:000052,1736741, 20,9718638, 0, 34, 0, 0, 0, 0, 0, 0, 0, 09422:39:26

2121:0900:0000:0000:0000:0000:000052,1736741, 20,9718638, 0, 34, 0, 0, 0, 0, 0, 0, 0, 07822:39:30
