
2321:0922:4322:4500:0000:0000:00000, 0, 0, 0, 0, 0, 0, 0, 0, 0, 0, 045323:12:29

2321:0922:4322:4500:0000:0000:000052,1739587, 20,9695899, 0, 237, 0, 0, 0, 0, 0, 0, 0, 09323:12:33

2321:0922:4322:4500:0000:0000:000052,1739587, 20,9695899, 0, 237, 0, 0, 0, 0, 0, 0, 0, 06223:12:36

2321:0922:4322:4500:0000:0000:000052,1739587, 20,9695899, 0, 237, 0, 0, 0, 0, 0, 0, 0, 07823:12:39

2321:0922:4322:4500:0000:0000:000052,1739587, 20,9695899, 0, 237, 0, 0, 0, 0, 0, 0, 0, 07823:12:43

2321:0922:4322:4500:0000:0000:000052,1739587, 20,9695899, 0, 237, 0, 0, 0, 0, 0, 0, 0, 018723:12:46

2321:0922:4322:4500:0000:0000:000052,1739587, 20,9695899, 0, 237, 0, 0, 0, 0, 0, 0, 0, 09423:12:49

2321:0922:4322:4500:0000:0000:000052,1739522, 20,9693702, 0, 35, 0, 0, 0, 0, 0, 0, 0, 07823:12:53

2321:0922:4322:4500:0000:0000:000052,1739522, 20,9693702, 0, 35, 0, 0, 0, 0, 0, 0, 0, 06323:12:56

2321:0922:4322:4500:0000:0000:000052,1739522, 20,9693702, 0, 35, 0, 0, 0, 0, 0, 0, 0, 021823:13:00

2321:0922:4322:4500:0000:0000:000052,1738997, 20,9694137, 0, 45, 0, 0, 0, 0, 0, 0, 0, 06223:13:03

2321:0922:4322:4500:0000:0000:000052,1738997, 20,9694137, 0, 45, 0, 0, 0, 0, 0, 0, 0, 09423:13:07

2321:0922:4322:4500:0000:0000:000052,1738997, 20,9694137, 0, 45, 0, 0, 0, 0, 0, 0, 0, 010923:13:12

2321:0922:4322:4500:0000:0000:000052,1738997, 20,9694137, 0, 45, 0, 0, 0, 0, 0, 0, 0, 07823:13:15

2321:0922:4322:4500:0000:0000:000052,1738997, 20,9694137, 0, 45, 0, 0, 0, 0, 0, 0, 0, 020323:13:20

2321:0922:4322:4500:0000:0000:000052,1738997, 20,9694137, 0, 45, 0, 0, 0, 0, 0, 0, 0, 09423:13:23
