
0, 0, 0, 0, 0, 0, 0, 0, 0, 0, 0, 019:31:57

52,1739752, 20,9683687, 0, 99, 0, 100,42, 0, 464,46, 0, 230,03, 0, 019:32:17

52,1739752, 20,9683687, 0, 99, 100,42, 100,42, 464,46, 464,46, 230,03, 230,03, 0, 019:32:24

52,1739653, 20,9683409, 0, 97, 100,42, 101,91, 464,46, 464,45, 230,03, 230,15, 0, 019:32:30

52,1740129, 20,9685038, 0, 31, 101,91, 93,17, 464,45, 463,64, 230,15, 228,76, 0, 019:32:39

52,1740129, 20,9685038, 0, 31, 93,17, 93,17, 463,64, 463,64, 228,76, 228,76, 0, 019:32:47

52,1740129, 20,9685038, 0, 31, 93,17, 93,17, 463,64, 463,64, 228,76, 228,76, 0, 019:33:08

52,1740129, 20,9685038, 0, 31, 93,17, 93,17, 463,64, 463,64, 228,76, 228,76, 0, 019:35:52
